# target_velocity,velocity,velocity_std,alpha,beta,fx,fx_std,fy,fy_std,fz,fz_std,tx,tx_std,ty,ty_std,tz,tz_std,dp,p,rho,rho_std,temp,CL,CL_err,CD,CD_err,CY,CY_err,Cm,Cm_err,Cl,Cl_err,Cn,Cn_err,LD,LD_err
17.5 17.421206989949056 0.5105659142481496 -5.298408336990357 0.0 -0.7077925170706755 0.024535674131389476 0.0378204178264504 0.03878013971631372 7.433019385019498 0.1069803755127542 -0.0007162497857424062 0.004390898721529069 0.0547639819356281 0.00632824529351525 0.0044754271190141255 0.0018363445484821355 133.4542105263158 101523.92631578947 1.1850000000000005 0.05 25.2122105263158 -0.3657985549946904 0.026938087157233826 0.0348323428971965 0.0027904259795240643 0.0018612428507980671 0.0019132014202905476 0.013964147568796215 0.0019028633688764392 -5.340689010637428e-05 0.0003274283957965174 0.00033370850376803586 0.00013903120895472358 -10.501692523936764 0.3395484072710492
17.5 17.527055269393944 0.5126245491622052 -2.6910237740625087 0.0 -0.4885456411690322 0.021846885654195285 0.048605194117461066 0.036831957362497614 4.850079412123455 0.0790804457277932 -0.0010421272802527577 0.004245892882907232 0.06461450288911126 0.006891389443839621 0.002895147182781118 0.0015204750091057488 135.17106382978724 101524.0425531915 1.1850000000000005 0.05 25.218191489361686 -0.23581104292034952 0.01743708349269592 0.02375310739661099 0.0020157631108077665 0.0023631863609355646 0.0017988643193129648 0.016277510641681675 0.0020957628361820027 -7.677010219851298e-05 0.0003128300234016307 0.00021327600698442154 0.0001130597517477829 -9.927587114517666 0.4497535533432521
17.5 17.54354637192694 0.5241899121815785 -0.0737665092949605 0.0 -0.3680958744069044 0.0220274723128556 0.06170215107505572 0.02831006757284513 1.8637044884056677 0.07722754376236998 -0.0022102706498986265 0.004656480150256565 0.0650833182143954 0.005913855496705909 0.0015274914001934322 0.0011772752619600034 135.448125 101523.63541666669 1.1850000000000005 0.05 25.22 -0.09044310728880785 0.007603960877178195 0.017863204638215512 0.0016882827753903096 0.002994323565966964 0.0013912026607361602 0.01636480374786173 0.0019090131661161627 -0.00016251742956170946 0.00034258938711064033 0.00011231383633874825 8.695208667703818e-05 -5.063095291161758 0.3685329951558242
17.5 17.582606659658836 0.5196145611859424 2.583294953366535 0.0 -0.35275803448237336 0.02224976097046175 0.06530979293189919 0.02800497934766649 -2.0551199539263267 0.07492735821778826 -0.00041010442739638543 0.0040981686450699845 0.022315153072948565 0.004938744764823187 -6.024062929939303e-05 0.0011571302679023684 136.0790909090909 101526.64646464646 1.1850000000000005 0.05 25.21999999999999 0.09928962183704433 0.008068192742958549 0.01704290388345356 0.0016393198862611237 0.0031553314589131787 0.001372279314154847 0.005586106892795454 0.0013011607348277056 -3.0020450345128638e-05 0.0003000019233114697 -4.4097324969715e-06 8.47048158702926e-05 5.825862923127884 0.3989417911061614
17.5 17.563981346017318 0.5084530541745206 5.19472831301127 0.0 -0.43273233567460856 0.02234856063329315 0.06749695054810745 0.025680514894314506 -4.969258221647095 0.07102898069217616 0.001491481205409786 0.003801810578700124 0.021053556064350717 0.0035039998488312464 -0.0019230698764128604 0.001328415247642644 135.78276595744683 101527.3829787234 1.1850000000000005 0.05 25.219999999999985 0.24059069814923245 0.0175758734923092 0.020951089701511556 0.0018503100488870975 0.0032679200256835947 0.0012651928303060635 0.005281477325463207 0.000956986650075804 0.00010941103263565657 0.0002790006826379747 -0.0001410712117897902 9.797162701206837e-05 11.48344556664633 0.5740475885767783
17.5 17.542699131599875 0.510325536197539 7.810749101885737 0.0 -0.6273146828620856 0.023294717684922722 0.07292338386073652 0.024532456899413805 -7.848661687390972 0.07080757139608959 -0.0013129810778426925 0.0035840338990125284 0.013303953185807073 0.0026133044946521937 -0.0036861879450658295 0.0013245515071505687 135.45144329896905 101523.36082474228 1.1850000000000005 0.05 25.219999999999995 0.38092193452794215 0.027591885188784766 0.03044569024264337 0.002462960597092195 0.00353921694665239 0.0012175103518801387 0.0033455210808519455 0.0006997689407820274 -9.655058366731355e-05 0.00026364468746708884 -0.0002710652907415026 9.933060452992156e-05 12.51152236957363 0.4364710841983971
17.5 17.57411298573699 0.5089900432781234 10.417566642714187 0.0 -1.2118635281175267 0.03405443030343339 0.08074812282227598 0.026835869976312484 -10.560582956619564 0.08594412704644264 -0.00035873370245079916 0.005004593283357332 -0.015389283847025273 0.006077929107479405 -0.004691296509911773 0.002254678008155199 135.51842105263157 101520.69473684212 1.1850000000000005 0.05 25.22399999999998 0.510709887330181 0.036834451643791885 0.0586057311842348 0.004511234468826131 0.003904979950262965 0.001327611863391008 -0.003856092777608363 0.0015478148352897972 -2.628540166091524e-05 0.00036670510552636525 -0.00034374415403691625 0.0001670329159754956 8.714333513299195 0.22703892910411166
17.5 17.675755786936897 0.5186040555942674 12.995706544040077 0.0 -2.196934281830598 0.07198356851748657 0.10039856597496534 0.044351150391652265 -12.741284563426232 0.2084386693812622 -0.011904471486482762 0.014894187528850251 -0.10761963135463522 0.012771306556138227 -0.010224179631788267 0.008692659397853443 135.94157894736838 101520.14736842104 1.1850000000000005 0.05 25.23 0.6091025700513515 0.04513641660329669 0.10502538504933102 0.008334295132978103 0.004799596481846178 0.0021484156707887005 -0.026657008329533032 0.003703924422697449 -0.0008622702457753743 0.0010806212910562767 -0.0007405625603760743 0.0006319016761450446 5.799574738671537 0.15386022797443957
17.5 17.793252352923684 0.5148052033844621 15.502753428895696 0.0 -3.5693373014363052 0.09693696104262702 0.1256815127196407 0.07522680171265225 -13.083402870037188 0.31429896757848963 -0.054958150423620504 0.04050551623838522 -0.21352891334601204 0.01347200465457856 0.0002752341398757054 0.014632784032993848 135.6205154639175 101521.47422680412 1.1850000000000005 0.05 25.23 0.6172246187010795 0.04662320476902742 0.16838760349877552 0.012897100424469251 0.005929170303530874 0.0035742231052681914 -0.052194159260311256 0.004981562148214286 -0.003928354736646365 0.002908930593512579 1.967346660565233e-05 0.0010459380123756475 3.665499157160746 0.05306881759148943
17.5 17.79364998244693 0.5145737546368269 16.50152870988493 0.0 -3.9432158312542054 0.11133652401196914 0.10927407795981518 0.09455029189375992 -12.979576125182515 0.34107522625310993 -0.02624701873466996 0.07350923001076454 -0.2342925790079695 0.013057426103323833 -0.0014266569248825966 0.025090728539184058 135.00157894736844 101519.05263157896 1.1850000000000005 0.05 25.23221052631579 0.6122991056178329 0.04669594695632741 0.18601744028070705 0.014315825233952863 0.005154900249184165 0.004475561808661351 -0.057266987660580276 0.00519571015152013 -0.0018760273297920634 0.0052558492919869615 -0.00010197148134700368 0.0017933953927886425 3.2916220365888886 0.048664011954538414
17.5 17.85844732273088 0.5183865984920134 18.487914789935132 0.0 -4.5559867628420925 0.11658587623406637 0.09048912076906034 0.08547751085323847 -12.774224510520037 0.33538171895014557 -0.004160893949309364 0.06897053159654863 -0.25478531537859156 0.013134752951236684 -0.006432949014522601 0.025861838012507764 135.00163265306122 101517.92857142857 1.1850000000000005 0.05 25.232142857142858 0.5982467561191679 0.04571808391993734 0.21336749636328348 0.01625736950823331 0.004237816778590668 0.0040146485801839825 -0.06182482452196258 0.005463147523336114 -0.0002952490568706634 0.004894062555474963 -0.000456469728037677 0.0018353988329233766 2.803832665780461 0.029357859590317233
17.5 17.913400005248878 0.5203526259564655 20.489731801373207 0.0 -5.203221713130599 0.12249054088969007 0.08291697364211391 0.09732208913481431 -12.913225442906056 0.3148064965015688 -0.011824210415239657 0.07712988915991689 -0.2740053049618615 0.013400449656539403 -0.004327633632537465 0.03088862488837545 134.88063829787234 101516.98936170212 1.1850000000000005 0.05 25.23595744680849 0.6010517796702494 0.04557644346799886 0.24218625195722002 0.01830026561765534 0.0038594071475645257 0.004538367808470918 -0.06608133625859595 0.005740836227654485 -0.0008338834763440072 0.005439791258331535 -0.00030519942145079313 0.002178480954473997 2.4817749761304353 0.024603645442067317
