# target_velocity,velocity,velocity_std,alpha,beta,fx,fx_std,fy,fy_std,fz,fz_std,tx,tx_std,ty,ty_std,tz,tz_std,dp,p,rho,rho_std,temp,CL,CL_err,CD,CD_err,CY,CY_err,Cm,Cm_err,Cl,Cl_err,Cn,Cn_err,LD,LD_err
17.5 17.433478240250093 0.5075849655783159 -5.297027281997277 2.5 -0.747093894994997 0.0240403165659903 0.30944342172790357 0.033179138905735886 7.396469554030681 0.0836879234694019 0.010852816440452204 0.004207447493379016 0.057311423614951854 0.005535792691507711 -0.02058583281849106 0.0017746017758561575 133.40092783505153 101373.81443298967 1.1829896907216495 0.05000010202986721 25.42000000000001 -0.3641052810943173 0.026520466972119437 0.036777117874130225 0.0028988006175042886 0.015232940962979637 0.0019669859611075803 0.014617947293618762 0.0017606688935088096 0.0008094705002757505 0.00031917681165313225 -0.0015354193523504024 0.00017240895451427424 -9.90032123616833 0.3064989438483641
17.5 17.48079764627438 0.518054283808551 -2.691181659042676 2.5 -0.5263784836134019 0.022322675131392716 0.3100758345597412 0.034232666524946505 4.820323560000303 0.07983557846831843 0.012093669349455861 0.003958369607001907 0.06708561135304099 0.007286287696953118 -0.023471233956965192 0.0015586730666657424 134.20829787234044 101376.3510638298 1.1830000000000005 0.05 25.42000000000001 -0.23600462139297973 0.01761953607556982 0.025771663082007693 0.0021712358346164698 0.015181414489607279 0.002007613116672036 0.017018308391873686 0.002225170027777469 0.0008971363865690737 0.0003008161027885588 -0.0017411504657531027 0.00017156687895590286 -9.157523930139561 0.3960316976718549
17.5 17.545639544178837 0.5119212334428609 -0.07189679812887426 2.5 -0.4041496050759039 0.022028383832483477 0.30685185031365264 0.032297618704943125 1.8138333813208607 0.0770790473397936 0.01574940025366305 0.005564891409047401 0.06707493788426694 0.007463750558662775 -0.02495324377131137 0.0014093600823791284 135.2317021276596 101374.9255319149 1.1830000000000005 0.05 25.42000000000001 -0.08815070536807643 0.007373786711207164 0.01964131497884718 0.0017745036434818604 0.014912729761842977 0.0019021779116423422 0.01689006697403457 0.0022390351300494047 0.00115970755453006 0.00041820368315034973 -0.0018374328447770163 0.00016821740342711476 -4.488024628850503 0.31018341399897886
17.5 17.564863913833438 0.5220419794412164 2.582280675629116 2.5 -0.3837061307313012 0.022444930950737393 0.3108687313803397 0.02952151474317039 -2.021868212670395 0.0766711306215138 0.009495763657982008 0.004463040468519449 0.02348177209221068 0.006394759490978751 -0.026386680976950593 0.0015216086048371717 135.56166666666667 101373.8125 1.183 0.05 25.420000000000005 0.09804604353704321 0.008059879566903095 0.018606983265948653 0.0017396633731366934 0.015074894090632274 0.001805085066295546 0.00589998338148077 0.0016633618661018143 0.0006976911113718477 0.0003318420155421037 -0.0019387332540388223 0.00018026065010907132 5.269314328694564 0.3436384177403038
17.5 17.567559324165128 0.5244464899639832 5.194876556599325 2.5 -0.46758517479839057 0.02248677017107575 0.32836368702551677 0.02605440619663523 -4.964319457262492 0.07451912186945965 0.01877812207811543 0.004438338579296604 0.0192224758801414 0.004446019807251816 -0.02818973841015845 0.0016178262907434343 135.54127659574465 101370.8085106383 1.1824468085106383 0.05000247164556428 25.421595744680843 0.24077245557367194 0.017982944659163842 0.022678159956316505 0.001985579015900234 0.01592583473464769 0.0017188740754354094 0.004830577974229642 0.0011718448390066372 0.0013799244310760035 0.0003414236206978555 -0.0020715441392914428 0.00019262835084326414 10.616930828491226 0.49283622636633234
17.5 17.533240551938796 0.5158423062496684 7.810272528675397 2.5 -0.663526573047122 0.023275656727027548 0.34801820813774936 0.024681324744167808 -7.810733948038719 0.07236203770775038 0.01911926852952159 0.0034734116001912917 0.010784827483069914 0.002867071865194715 -0.03063539720507948 0.0011862038943476088 134.99300000000002 101371.9 1.18236 0.05000230394691829 25.425500000000003 0.38033762109891217 0.027784525607543364 0.03230991095171342 0.0026011625462876416 0.016946476254700044 0.0017182422319810054 0.002721030026341486 0.0007497578523474158 0.0014106029188622532 0.00027589842761886367 -0.0022602528256383536 0.00018569934792700621 11.771546559423204 0.38571010886030854
17.5 17.522253738120323 0.5083153776509001 10.420346108189545 2.5 -1.2461910319162937 0.03303973603478884 0.36387274547871823 0.026969561647947858 -10.541645863104034 0.08570158682434441 0.02361522334890485 0.004525825855922305 -0.018347370093393406 0.005252290130013452 -0.03280569357086734 0.0021411497935768637 134.373125 101367.59375 1.1820000000000002 0.05 25.426250000000007 0.5141177142233863 0.03715095679931516 0.0607769311485706 0.004651940490767133 0.017746130595077878 0.0018313057983052655 -0.004636290690961098 0.0013683405073968197 0.0017450274680350605 0.0003571336299816677 -0.002424149691210077 0.00023522378886830928 8.459093022755852 0.20646811881824928
17.5 17.571875832592347 0.5104183978484207 12.996143172083077 2.5 -2.197387254559857 0.06800238187053163 0.3927785553515454 0.04541043051511918 -12.571124857666332 0.19483604586873088 0.014650176039860385 0.015528969001719486 -0.10452574908320207 0.012381047648342127 -0.041429204811454665 0.008744531646795825 134.00750000000002 101366.72916666669 1.1820000000000002 0.05 25.430000000000003 0.6096379077990065 0.04481821406684215 0.10656250603358941 0.008337876145986894 0.019047833779711875 0.0025929446681369627 -0.026264177432974104 0.0036387736815815556 0.0010764571130811426 0.0011436478768902662 -0.0030441110118572252 0.0006787457152571616 5.720941919354294 0.14418906068383394
17.5 17.79415531476538 0.5143933366923418 15.503484440950853 2.5 -3.6045731197809734 0.11262020481972672 0.3760326261778761 0.07801298872862664 -13.070557180920737 0.36536057718870224 0.010826188649660104 0.037905630881227954 -0.21394824037125873 0.01620951700448652 -0.032162279388110615 0.014028200021875138 135.29604166666667 101362.94791666669 1.1820000000000002 0.05 25.430000000000003 0.618120892665591 0.04753283702817952 0.17046419090149734 0.01332267630243261 0.017782992671784615 0.003903078088219514 -0.05242406961799113 0.005466254918687725 0.0007757306955029449 0.0027166269335546695 -0.002304529152970411 0.001018632562851387 3.6261040479919435 0.06037478762325774
17.5 17.78832849180161 0.518320262184524 16.500452819824694 2.5 -3.958003434009825 0.10631756895596722 0.34420630543744263 0.09664636260715252 -12.91109837873608 0.3359607235426473 0.013823294323474702 0.046076328887249884 -0.2316710800823956 0.014539520473591017 -0.03176962502560307 0.01667498909051556 134.60085106382982 101360.01063829788 1.1820000000000004 0.05 25.429999999999996 0.6109799861274443 0.04678140417231641 0.18730094158266597 0.014395475239587847 0.016288557143016285 0.004721522339190968 -0.056803920163423796 0.005425968880998957 0.000991131806779493 0.003304448991316045 -0.002277885800265446 0.001206798512133632 3.262023036108369 0.04080676226080215
17.5 17.875790383608265 0.5199745840352158 18.486756090556856 2.5 -4.582942340074547 0.11576989760023157 0.283826073397527 0.08660082817415912 -12.736328232242348 0.33619165176357596 0.058639253731853365 0.0681849482591607 -0.2493714353428773 0.014002097609550661 -0.044018379121058805 0.02528813445956996 134.941 101357.71 1.1820000000000004 0.05 25.43 0.5968261063800601 0.04572890590160624 0.2147573133100271 0.016372346274292644 0.013300129141314041 0.004169366778136676 -0.06054704676798875 0.005524949569711119 0.004163399330335601 0.004850399439960612 -0.003125314162303588 0.0018094814846106773 2.7790723267173325 0.027068038750800022
17.5 17.93658040125548 0.5192925967724848 20.48603606789762 2.5 -5.212942524892266 0.12144916408415246 0.25824242372951517 0.09578515761986914 -12.816534916847827 0.31391277884527796 0.06527483641384779 0.07140066283418234 -0.2657300783757677 0.015065495764413536 -0.05125402045933562 0.02843875313040388 134.92425531914895 101353.97872340426 1.1820000000000004 0.05 25.43340425531916 0.5965205415455482 0.04520219372785806 0.2426262104515338 0.01829367616102051 0.012019388348926102 0.004540684390253093 -0.06408231390924389 0.005858000576178866 0.004603165981160074 0.00504596594095891 -0.0036144213656894653 0.0020221731387068897 2.4585989305747624 0.023371672003550496
