# target_velocity,velocity,velocity_std,alpha,beta,CY_beta,CY_beta_err,Cn_beta,Cn_beta_err,Cl_beta,Cl_beta_err
25.0 24.982381935695155 0.5081702013436938 -5.298027108284701 2.5 0.3330440295699799 0.0301411627955421 -0.04401831083346437 0.0028861107814691783 0.02403245592755893 0.005705743140033214
25.0 25.049310546765078 0.5052342118092382 -2.6881560450032036 2.5 0.319614954816267 0.027912375048713876 -0.04397945534190676 0.0026129139418008852 0.025915836785631495 0.005462018431510203
25.0 25.03543275900547 0.5084336804410573 -0.05910769746182596 2.5 0.30735914766577754 0.025931993492541706 -0.044652519349186535 0.0027036820158172752 0.03035329892999556 0.006243384128266016
25.0 25.052752236635488 0.5065244143598447 2.577320646776368 2.5 0.3043575885960014 0.022828729809364994 -0.04392375023153632 0.002658676280305607 0.03343096570682935 0.006157627932859637
25.0 25.058474447195938 0.5064451237672037 5.195765296978343 2.5 0.3134203215341413 0.020738648424592117 -0.04442276261324242 0.002654910011172578 0.036015575668066596 0.004902285346549663
25.0 25.04695286344698 0.5057139578981565 7.813819865271908 2.5 0.31997184905671777 0.0197425982277907 -0.04700748659759491 0.003003836529849272 0.040444718654625074 0.005632146117290057
25.0 25.077504686396672 0.5089398422638691 10.422790804302247 2.5 0.32055953754348815 0.020723981795057682 -0.047315763349200166 0.00325382793497919 0.044182132858048964 0.005797961817796576
25.0 25.20212913967269 0.5117182783411173 12.997391476699308 2.5 0.34268528539699744 0.03408141080701523 -0.056893193892857574 0.012572745211873973 0.034660819501316914 0.02018596096974683
25.0 25.364842291257858 0.5132561963404072 15.51693751150947 2.5 0.31031485601964764 0.05507946702707245 -0.04781312485039176 0.018231402322508788 0.07953651517180653 0.04941780114343426
25.0 25.446252541153335 0.5153676416094389 16.512667734136993 2.5 0.2811252804885508 0.0596389472381405 -0.05281313179142315 0.021565882994873303 0.07463984623471773 0.06034345610669661
25.0 25.532072185820823 0.5164882568577206 18.492319504121053 2.5 0.23356598965548883 0.06324230806148486 -0.061474784404154874 0.030405804336306373 0.0890633519689149 0.08207103829341342
25.0 25.626645275804144 0.5191728079309528 20.490118496060152 2.5 0.21500381375193092 0.07523080631959252 -0.07133529514660868 0.03392151094580254 0.09500954992057795 0.08424209854109563
