# target_velocity,velocity,velocity_std,alpha,beta,fx,fx_std,fy,fy_std,fz,fz_std,tx,tx_std,ty,ty_std,tz,tz_std,dp,p,rho,rho_std,temp,CL,CL_err,CD,CD_err,CY,CY_err,Cm,Cm_err,Cl,Cl_err,Cn,Cn_err,LD,LD_err
22.5 22.46199617344475 0.5082904590828202 -5.297080704556887 0.0 -1.150811862396515 0.029700568550975498 0.0614151513612502 0.060547968275622185 12.29141679574869 0.10810210812921243 0.003970667058216282 0.007998596616662721 0.09529307334305301 0.011414026891320216 0.006147009211916908 0.003161121592460887 222.9761855670103 101505.45360824742 1.1839999999999995 0.05 25.39567010309278 -0.3641707810391648 0.022768599208609276 0.03409631792024404 0.002286663814831149 0.0018196115232705103 0.0017974510543909755 0.014628748609314717 0.0019723558501945943 0.00017824718883669018 0.0003592344297075025 0.00027594535016734335 0.0001429302037706587 -10.680648329564796 0.2635206736761558
22.5 22.54276814081072 0.5073315329042137 -2.687566530964559 0.0 -0.784336505409786 0.02317059194135549 0.04081776889433844 0.048692313536783535 7.872289949280326 0.10192611169345422 7.101591630569484e-05 0.006999653350165379 0.11889967401268685 0.013541839933120789 0.002516164841887552 0.002221852332408918 224.723125 101505.39583333331 1.1839999999999995 0.05 25.4 -0.23157221135003542 0.014603632797569417 0.023072135321553746 0.0015787160247687536 0.0012007003128868183 0.0014342546415684076 0.018122108083561232 0.0023475592149798125 3.1651705839382896e-06 0.0003119737430397352 0.00011214515500440805 9.92692793278791e-05 -10.03687817025341 0.30124383380643427
22.5 22.54998166729163 0.5060614238080952 -0.06378899174315322 0.0 -0.5769672008398252 0.02248453456122527 0.06780503854303209 0.05166445203295839 2.6604464155423515 0.08665640932175869 0.0007606453799075865 0.008704961788039672 0.09704604052784521 0.016459558713968755 0.0014448883152814761 0.002398751817912059 224.90936170212763 101503.3829787234 1.1839999999999995 0.05 25.4022340425532 -0.07820994485454152 0.005451645697930666 0.016961278639909365 0.0012367271970429926 0.001993285147308461 0.0015237550151095678 0.014781822242475488 0.0026674520062963656 3.388018395623998e-05 0.00038773650723267856 6.435729869798928e-05 0.00010691726998016417 -4.6110877909001475 0.23419701738411472
22.5 22.55267024352838 0.5064546317425216 2.5785192778926094 0.0 -0.5573047668598489 0.026412770536466453 0.07884651696390113 0.043901511373960346 -3.1790869680594773 0.10143252007555095 0.012290147595288086 0.010393718021745118 0.05579621283895656 0.011854558693246172 0.0003038465743206458 0.0024423331219523814 224.99371134020615 101502.97938144328 1.1839999999999995 0.05 25.41 0.09343429625104324 0.006485805232596859 0.01637935017571608 0.0012736670761715515 0.002317322205521437 0.0012981628534293119 0.00849672032302105 0.001879687130243906 0.0005472894456826007 0.00046406814431579113 1.3530514743066064e-05 0.0001087621155452889 5.7043957940143635 0.30131561258868383
22.5 22.53965288391445 0.5073531892898263 5.195153247185896 0.0 -0.6893384371432966 0.02346255384848372 0.09775674089684099 0.031764053458846746 -8.194319238788024 0.0809126019684279 0.007645733585260616 0.005926897408613576 0.03681820610941062 0.006951516038242111 -0.002145810970620231 0.001940997608432746 224.7310526315789 101502.96842105265 1.1839999999999995 0.05 25.40999999999999 0.24111169836347326 0.015071961287130375 0.020283266551307248 0.001429719611433663 0.0028764187893174495 0.0009513480455717727 0.005613202608126554 0.0011150076145102954 0.0003408636013849866 0.0002650704516462996 -9.56649675509317e-05 8.673517760184798e-05 11.887222294967756 0.3886320425804152
22.5 22.53905437809281 0.5053181005578766 7.812341695947249 0.0 -1.012314074912491 0.025696658876543686 0.09380784985898642 0.035037683216638915 -13.011520664057759 0.09151113866809954 0.003831403307168529 0.006829266795731572 0.023335483231889075 0.008036927774449074 -0.005214656757982694 0.002871245302765748 224.718 101501.28 1.1839999999999995 0.05 25.4142 0.38287457071677033 0.023736309844340053 0.029788164417501015 0.001984497124494226 0.002760372224888105 0.0010449376559620316 0.0035578526431405645 0.0012447950015254683 0.0001708214489472058 0.0003046616294407754 -0.00023249320203234887 0.00012881171506303282 12.853244844177963 0.29782138644599193
22.5 22.522159643580007 0.5070168993969308 10.421829269346407 0.0 -1.9824270965948705 0.04462344104349709 0.08747327955305677 0.03734029443195464 -17.50718000963685 0.1101852961699109 8.067431141327962e-05 0.0070250490452619056 -0.02125923122932117 0.009246474576669446 -0.006917524677562016 0.003295476956233107 223.6646808510638 101497.51063829788 1.1839999999999995 0.05 25.42000000000001 0.5159361777093079 0.03201343823710145 0.05842207929783743 0.0038386340637082445 0.002577835464047302 0.001111863527296005 -0.0032461608173399614 0.0014260317087899511 3.6022273257260092e-06 0.00031367890906572603 -0.00030887770819939235 0.00014837807244732134 8.831184783394143 0.18521039323197966
22.5 22.575747744367483 0.5116113416937296 12.997522219812243 0.0 -3.525413756383206 0.10236921243039532 0.1309548353976431 0.0617553177063073 -20.8429524338325 0.27297199516055304 -0.01562538466914068 0.025339128079908204 -0.170766674153139 0.02032179361630647 -0.0156310898020451 0.014594417171377516 222.8753191489361 101496.58510638298 1.1839999999999995 0.05 25.42000000000001 0.6113287206477832 0.03870794321896927 0.10340121862704629 0.007074328404757086 0.003840936270445722 0.001826859648877479 -0.025951434765688872 0.003481691594981111 -0.0006943882197794958 0.0011268858915104367 -0.0006946417544709605 0.0006499982728599062 5.91220034700713 0.14582578465954726
22.5 22.83858567532993 0.5146623374010414 15.515395771229485 0.0 -5.898548479721973 0.16866062457199926 0.16493865549042316 0.1273763581860399 -22.077687960735997 0.5176647954661086 -0.0497874554490096 0.07093326381411275 -0.35116937209486193 0.021359296479080615 -0.004032660512034013 0.026145461814218483 224.57319148936168 101495.90425531915 1.1839999999999995 0.05 25.428085106382987 0.6327250501977719 0.04180007643722807 0.16904665876080527 0.011505369346065589 0.0047269813424454235 0.003662138345402715 -0.0521459711619709 0.004520214641742491 -0.0021619091186718085 0.0030830114839196687 -0.0001751092811401649 0.0011353598309072914 3.742901840450182 0.06541921592163354
22.5 22.887147345296476 0.5138682651635051 16.51010257479081 0.0 -6.548272214943574 0.17465088382977045 0.1630252748637706 0.13976864850531331 -21.82428158474351 0.5455813254357635 -0.05055291433417372 0.0920153534772933 -0.3912418157981456 0.018267641139047587 0.0009112739555817132 0.033247713878453725 224.448947368421 101495.24210526315 1.1839999999999995 0.05 25.42999999999999 0.6228112877852381 0.041428458052962316 0.1868715739907015 0.012551211538143345 0.0046523401462353646 0.0039989496155104776 -0.057850148151031636 0.004473524904315495 -0.002185842070441603 0.003980904756672096 3.9402297098858224e-05 0.0014375898288606478 3.332830534280342 0.04319654320434682
22.5 22.997658396300668 0.5175879707107137 18.49168787727929 0.0 -7.5575635409977115 0.18294718894521508 0.13261018846184766 0.13146158167032945 -21.33011041265142 0.5209584146036104 -0.01276188554126799 0.1370310214946014 -0.4224427296096212 0.020375539640545223 -0.006343864823598198 0.04985322221028207 224.97599999999997 101492.73 1.1839999999999995 0.05 25.4321 0.6028728357146306 0.0400171535666889 0.21360647811519862 0.014161703500418888 0.0037480856318130957 0.003722815969920177 -0.06186473307717707 0.0048459642227450354 -0.000546516806558255 0.0058683329539094935 -0.00027167057198709674 0.0021349873440908097 2.8223527724168527 0.029623098936978762
22.5 23.058761898949836 0.5196876882665163 20.489983499364325 0.0 -8.60427776816401 0.19452264243599446 0.133837851764362 0.1837558669987487 -21.38981022494638 0.49362192767972474 -0.02387649374001028 0.14434133170242716 -0.45307838979861004 0.020133278287012744 -0.006049115710161814 0.057104575445521326 224.5786021505376 101493.54838709676 1.1839999999999995 0.05 25.43935483870968 0.6013603797196844 0.039651864059940374 0.24190358359711525 0.01591096592329095 0.0037627627599994434 0.005171399964627316 -0.06599999755021319 0.005021956539159045 -0.0010170785507612834 0.006148898434104793 -0.00025767710732036656 0.0024325632844459984 2.4859506865397907 0.025510868734822258
