# target_velocity,velocity,velocity_std,alpha,beta,fx,fx_std,fy,fy_std,fz,fz_std,tx,tx_std,ty,ty_std,tz,tz_std,dp,p,rho,rho_std,temp,CL,CL_err,CD,CD_err,CY,CY_err,Cm,Cm_err,Cl,Cl_err,Cn,Cn_err,LD,LD_err
17.5 17.441516273040914 0.5151923512128448 -5.295932329241627 -2.5 -0.7001578390982656 0.02496999146312694 -0.2566357947004855 0.04194624974156465 7.357354170398563 0.09269054014377004 -0.01623800368157463 0.00518182326694047 0.05667708379070714 0.007932336298817903 0.027397049667157378 0.0019423231628618567 133.2036842105263 101313.2105263158 1.1800000000000004 0.05 25.78000000000002 -0.36276278935244244 0.026766434539672652 0.03452208563238246 0.002795516723493249 -0.012653722326946995 0.002263577048752016 0.014479423050588526 0.0022835923978135396 -0.0012130809141554894 0.0003970337477882593 0.0020467317723982543 0.0002078380257140127 -10.508136536575968 0.3575622987388687
17.5 17.634591203301206 0.5125243296294277 -2.6880923796427596 -2.5 -0.490374488722367 0.023657006297716006 -0.25035279220837026 0.03804675366822929 4.814543846636358 0.08193226624386145 -0.018741272946599212 0.004504597534667894 0.06906284642581581 0.008190370194757091 0.027515425412486933 0.0018900230944449627 136.27416666666667 101311.89583333331 1.18 0.05 25.7778125 -0.2322169400877071 0.01716494502891177 0.023651931916195662 0.002048534354873567 -0.012075112658836342 0.0020302672719169565 0.017259408850438984 0.0023939321039151084 -0.001369600487932789 0.00034361895338127623 0.002010810054258278 0.00019999713617006501 -9.81809608240486 0.47988921568958137
17.5 17.589381984317065 0.5242416895179975 -0.0707037143204942 -2.5 -0.3659879957189699 0.023202646772819756 -0.25319363730712896 0.03452923851818276 1.7880929361193214 0.08130436835945304 -0.03039657289309761 0.005743998631457514 0.07013132033452339 0.007866781791101908 0.025994634218200217 0.001625583977029198 135.59631578947372 101314.6105263158 1.1800000000000004 0.05 25.78000000000002 -0.08668789781601528 0.007465327833530032 0.017743333880413666 0.001717339883909314 -0.012274990698291624 0.0018995235082110294 0.017616640432408705 0.002359003899106305 -0.00223279612401302 0.0004524254439634442 0.0019094494215403284 0.00018373777479647557 -4.885660068185239 0.381166852873632
17.5 17.584913876786146 0.5182122095905667 2.585223824690247 -2.5 -0.3612443029019947 0.022349812638286767 -0.2546365281793929 0.02657169802034428 -2.0957419401222257 0.07463081668347038 -0.02288719675516086 0.004169704795297094 0.023718583286637104 0.004749795593578264 0.024848206288853324 0.0011289594714780768 135.53875000000002 101312.0625 1.18 0.05 25.78 0.10165455841523052 0.00821913541638531 0.017522257577847766 0.0016712367187044393 -0.012351217167011486 0.001570034130777333 0.005961018772729479 0.00126973567805224 -0.0016820454290114911 0.00032987208987165877 0.0018261656180272813 0.00015638473951474152 5.801453263861711 0.3895804762411756
17.5 17.563259308787348 0.5270992073576962 5.196784764275785 -2.5 -0.4321457401186024 0.02286426213221842 -0.24031579245242382 0.026295942483119436 -4.999737231475119 0.08885669121741793 -0.02073290282057453 0.004080789459512555 0.02392739068166575 0.004504105460498703 0.023665216754711147 0.0013948326490457834 135.20600000000002 101314.07 1.1800000000000002 0.05 25.78000000000001 0.24311205701694094 0.01837719361115405 0.02101307227706946 0.0019025295133442007 -0.01168534743565468 0.0015401397141168829 0.0060283346016474235 0.0012181521099196896 -0.0015274798664360186 0.0003209124893972759 0.0017435157266928198 0.00016422549808842626 11.56956268989934 0.5800587420448042
17.5 17.49321447337011 0.5140892559529384 7.81058502175283 -2.5 -0.6195563786757773 0.024720004237710452 -0.2228977617094461 0.027722158732899942 -7.767410464839656 0.08877522217387297 -0.026350228027459018 0.004535014442432766 0.016925860248771653 0.003331751046688003 0.02307323442407412 0.0017829960321028833 134.11270833333333 101310.54166666669 1.18 0.05 25.78 0.38072076034732466 0.027927075261163975 0.030367646545166355 0.002511907997785031 -0.01092536640130926 0.0015725836148401198 0.004298567442675471 0.0009016500323633914 -0.001956909518096287 0.00036542529356655654 0.0017135423652002314 0.0001815187893395575 12.53705188451373 0.45511516820973813
17.5 17.47640300883279 0.5157609977595381 10.419288760847278 -2.5 -1.1958321988072027 0.03460764558386731 -0.21552078370742844 0.027874831897982146 -10.442407512949098 0.10920590059360051 -0.029129291315012885 0.004577870026923119 -0.010050154109299533 0.005682825755908656 0.021904864093340807 0.0023240714425307855 133.42578947368423 101316.34736842103 1.1800000000000004 0.05 25.77852631578947 0.5128213294543071 0.03764481134287142 0.05872671194225269 0.004593012607818021 -0.010584116228831606 0.0015701400814247797 -0.0025572951503593927 0.001457903060404178 -0.0021674616700746024 0.0003752749382273552 0.0016299041674948023 0.00020959409692873624 8.732335124748275 0.21990454240647514
17.5 17.63801019791039 0.5108727988306725 12.993870456384073 -2.5 -2.1808547314917033 0.06845234077777651 -0.22870761854462213 0.043115962937413786 -12.58670307183082 0.1672693059901578 -0.030686835525351924 0.0162266733019926 -0.10188581420153403 0.012775613682474072 0.02415199396214202 0.008644104961767133 134.74234042553195 101310.48936170212 1.1800000000000004 0.05 25.772234042553197 0.6068513930002645 0.044295136114930876 0.10514705274162414 0.008236701778298106 -0.011026838093463415 0.0022243343971362632 -0.025452284997038836 0.0036773232869557614 -0.002241705390860821 0.0011962444920845267 0.0017643283883163072 0.0006440324203252284 5.771454141386815 0.1597499132671278
17.5 17.75326582984307 0.5156198881270052 15.506274614171868 -2.5 -3.561957806992581 0.10243600682557362 -0.18062803541572972 0.08376477117905165 -13.06042597514137 0.3127014278065076 -0.05063873015778147 0.05178332096307338 -0.2099790174557682 0.01308010858434771 0.026315860656772102 0.01832251050571858 134.3942105263158 101309.06315789474 1.1800000000000004 0.05 25.77 0.6215418480340162 0.04710143222974842 0.16951252908528477 0.013126708209178406 -0.008596035317127639 0.004033968903980112 -0.05177637284133459 0.004925549444383105 -0.003651336880411207 0.0037430862895439935 0.0018975213686528187 0.0013281816774778378 3.666642527180439 0.06528691857495184
17.5 17.808423219406603 0.5174660067537873 16.504822015357608 -2.5 -3.9517795419412574 0.10970092872163183 -0.19975284828121873 0.0902575922074351 -13.031655413476804 0.3396451630970316 -0.01418701001441677 0.05189107561043805 -0.22984143596133735 0.014442450697050847 0.021533734150840162 0.018679738456179824 134.6251020408163 101307.32653061223 1.18 0.05 25.77 0.6163369377322581 0.04714904820448518 0.1869008674795248 0.014408827665805273 -0.0094473844578197 0.004322505106802942 -0.056323498876379 0.00537918053139689 -0.0010166361495339156 0.003719215046999129 0.0015430998180695303 0.0013431764489764172 3.297667614088407 0.04616362545194838
17.5 17.86302381878109 0.5189853564660835 18.488367874195543 -2.5 -4.535289787912547 0.1030555608281649 -0.13731097338549195 0.08754197145725884 -12.738662986539897 0.2874077967223511 -0.030509412713048942 0.06980279073786155 -0.24749798730439398 0.012172128045397038 0.025835267364466362 0.025966998346450616 134.48874999999998 101304.72916666669 1.18 0.05 25.77 0.598802270386644 0.0451329610124908 0.21318892137526047 0.016078808105241593 -0.0064545331561963225 0.004141155100812042 -0.06028009842423156 0.00525186469078102 -0.002172948845625917 0.004973966826348484 0.0018400457237265487 0.0018541559932456282 2.808786997578628 0.03078679432007376
17.5 17.942450428361283 0.5218424003542182 20.485452841054062 -2.5 -5.15262870266348 0.12049459749948904 -0.1466822968764182 0.09456123073911306 -12.787876876696934 0.3076145435242603 -0.0355331130901037 0.08312238515631734 -0.263966700273568 0.014326233780624253 0.02983029077587341 0.03284036287948811 134.77851063829786 101304.75531914894 1.1800000000000004 0.05 25.77 0.5958054630025913 0.04520935801743349 0.2400683365559442 0.018165882405200187 -0.006834137882887679 0.004433109463810727 -0.06372324293511761 0.0057437860477812675 -0.0025083917133421644 0.005870640804796969 0.0021058119506457713 0.002323250136529878 2.481816100990678 0.025480170725863834
