# target_velocity,velocity,velocity_std,alpha,beta,CY_beta,CY_beta_err,Cn_beta,Cn_beta_err,Cl_beta,Cl_beta_err
22.5 22.46093739083549 0.5082767942514773 -5.297371724288459 2.5 0.3333286301500305 0.029686467610522627 -0.042860471471067245 0.0029304290996465003 0.023800672453054002 0.005678876008684114
22.5 22.530448664036832 0.5074474723258268 -2.689793368739127 2.5 0.3231359404541827 0.02897828296979132 -0.04330444088266316 0.002641958507580149 0.02754406915141163 0.005205024009265605
22.5 22.54552551844287 0.5063208645397318 -0.06393601285172544 2.5 0.31469512547164635 0.025745270856192555 -0.043211826210337846 0.002620477365102704 0.03437678168639541 0.006178377687982024
22.5 22.55212863173621 0.5074350914842932 2.578170327690538 2.5 0.31248554567219344 0.023283985121332194 -0.04308273287041925 0.0026026697480389955 0.034499561549293414 0.005936613750525134
22.5 22.54184078578718 0.5064428987563216 5.194781715454118 2.5 0.31724086745720564 0.021548620136114315 -0.04390682787865985 0.0025946774000588754 0.03545807004224538 0.005124252328766814
22.5 22.53766429490404 0.5064937522874332 7.812374373164891 2.5 0.3258783870332901 0.02070707771417824 -0.0457377565309964 0.0027926787115794796 0.04122311208557222 0.005223023714167239
22.5 22.53588487679046 0.5076181277298776 10.422170205061924 2.5 0.3246027700467665 0.02226997577700376 -0.04691620344869749 0.0033827537657790635 0.044561099703132274 0.005860326067425375
22.5 22.700210440351125 0.5123836876929837 12.99796933685512 2.5 0.3402397310905977 0.03374975453856967 -0.054107464630062996 0.010783979023359144 0.03901034052817654 0.017861082077073424
22.5 22.827256036427894 0.513709469800583 15.514615729907984 2.5 0.30023546577573196 0.05796544408400407 -0.049243002695611944 0.018256085604367207 0.08417472028000576 0.048745771732705195
22.5 22.894852775660485 0.5137801353515065 16.507594321182328 2.5 0.27673858840590165 0.06361524817810298 -0.05183561590087479 0.02383600064395824 0.06979471954028957 0.06704626618691702
22.5 22.984853971478632 0.5168126115093024 18.491166969532514 2.5 0.2379731376265472 0.062208799835407155 -0.058833459245218094 0.026628507808051774 0.07272996552467278 0.0714344644479204
22.5 23.07173435685623 0.5168090067822925 20.48920765590371 2.5 0.2105737974162856 0.07968185756707974 -0.07513659899159812 0.037014328803882134 0.1083824905736832 0.09257043170070205
