# target_velocity,velocity,velocity_std,alpha,beta,CL_alpha,CL_alpha_err,Cm_alpha,Cm_alpha_err,SM,SM_err,CY_beta,CY_beta_err,Cn_beta,Cn_beta_err,Cl_beta,Cl_beta_err
20.0 19.94378558978597 0.5123301037630821 -5.299185030383159 0.0 nan nan nan nan nan nan 0.340810297395225 0.03366093030928003 -0.04565769885450758 0.004019396605972328 0.02436643029133926 0.0061387477330827715
20.0 20.02955475506572 0.5093968177823192 -2.6898630352880533 0.0 3.0937238532141715 0.27886483085961533 0.016542894695656944 0.03422593855806138 -0.005347243477620016 0.011073517943389533 0.31122333662984014 0.03275729031147815 -0.044220293402903836 0.0036330862929369457 0.011400679647295693 0.00501979806632569
20.0 20.03847199462765 0.5102459670684051 -0.0694986480485127 0.0 3.618846759168308 0.18972390144844312 -0.10987380581259738 0.03157094681679245 0.030361552484706164 0.008868059033735465 0.28942534642761564 0.028397614028596963 -0.04059665568485712 0.003326576310719597 0.008170609268993238 0.006286623660680986
20.0 20.030239840313993 0.5089163453408232 2.5826065912104528 0.0 3.5093621404884283 0.18963686100918356 -0.10407652778562877 0.027553283232571425 0.029656821843739255 0.008013250858441826 0.2710737500853773 0.02576913621453749 -0.036417874670751346 0.0030061759773621034 -0.01544167388219044 0.00616565093718191
20.0 20.054940823700857 0.5094466137073603 5.193131541727038 0.0 3.067791727712787 0.28950041257793235 -0.027175960152327962 0.021092667801986327 0.00885847624753496 0.006926154348078289 0.2656454575354456 0.023474161021978437 -0.03227286504709543 0.002745179359489079 -0.026497951345104236 0.004715821814871531
20.0 20.04680351076004 0.5094948322125507 7.811636680105764 0.0 2.982064521656338 0.4113994549238275 -0.0922068879935151 0.021048799894382693 0.030920487240933447 0.008247324370759184 0.2608339048347486 0.022664650634750427 -0.02683493785103506 0.002472435659756658 -0.03528132085823276 0.005274969250514835
20.0 20.046272878619288 0.5083681393845676 10.42008568055821 0.0 2.5167437515787325 0.5330758843039766 -0.32808243978356194 0.04257030355136935 0.130359890464716 0.03238086901488938 0.2432407786382233 0.0244025160523849 -0.019213505823021768 0.002988064271014721 -0.04538012795534805 0.006348018458735502
20.0 20.072877998328796 0.5096965764281031 12.997093424285715 0.0 1.3233243810316366 0.6265876675488437 -0.5572432796844953 0.05651315728679062 0.42109348824214954 0.2039078739411739 0.24660422724312658 0.03617250881031359 -0.01902738078989914 0.010765649585462136 -0.06746074867805806 0.01779116195856214
20.0 20.299747675876564 0.5136256621769136 15.510726347934833 0.0 0.15345627382766253 0.9789886733025223 -0.5141861078382033 0.10016489168037057 3.3507011151310415 21.38607489673537 0.21126748344735205 0.06065968456439781 0.0013033663214412623 0.016725844529953102 -0.07191315317722802 0.0451837382461629
20.0 20.36764638400565 0.5168993305870343 16.501509151032952 0.0 -0.5369846644881243 1.1819472490815637 -0.18185738810165403 0.1360851433984314 -0.3386640254894577 0.7873283073060269 0.17542469201356356 0.06591406630554181 0.007923730491155878 0.02150987981220459 -0.09516620499599855 0.06111943971509747
20.0 20.435077983204344 0.518241931586784 18.490008023557625 0.0 -0.30247566423654854 0.8681072237016814 -0.10647675307024014 0.10293384984708394 -0.3520175857419422 1.0660670220359472 0.08627673175621844 0.06458186965526036 0.007877676360366835 0.02871081684077294 -0.06347737253746291 0.07684822969514155
20.0 20.5012434396846 0.5177182993474722 20.487987428288378 0.0 nan nan nan nan nan nan nan nan nan nan nan nan
