# target_velocity,velocity,velocity_std,alpha,beta,CY_beta,CY_beta_err,Cn_beta,Cn_beta_err,Cl_beta,Cl_beta_err
25.0 24.99893174395832 0.5083061726641921 -5.292672982083333 5.0 0.299554159727978 0.0313628899351934 -0.04631780961085677 0.003528515320961408 0.017678299387125573 0.005813405215841842
25.0 25.08024569869923 0.510870497378858 -2.6852066112112287 5.0 0.2974674566368734 0.029096795475711937 -0.04530742986231516 0.0033881638541445416 0.022934174556043622 0.00512737183985489
25.0 25.022821891372484 0.5054718197692437 -0.05679781913311641 5.0 0.2811638266327441 0.029377648046771943 -0.045894036999765485 0.0034838862265511535 0.025838355908036417 0.006535064533624696
25.0 25.146963893301574 0.5094703873210753 2.5771562931527447 5.0 0.2853003237304319 0.026764007373092737 -0.04563955949069766 0.0035673901092454874 0.02747931884092765 0.007084689910593537
25.0 25.018316115313475 0.5066800794841663 5.1966311656857815 5.0 0.2981441355727897 0.02531313742128528 -0.047016563041042396 0.0036998376845432043 0.0324146610471491 0.005543093618451556
25.0 25.000905550820985 0.5093760761844651 7.812266964223811 5.0 0.3191112921923123 0.025209476525373694 -0.04884298444194148 0.0039057557326050187 0.03810938554240245 0.005695132845977522
25.0 24.996725256065886 0.5134599235323023 10.42236661614319 5.0 0.33230795500930704 0.026601797942757494 -0.0496302559329639 0.004117469564365091 0.044969665972615536 0.005908274895954843
25.0 25.172080244883073 0.5102290688175065 12.998162416510501 5.0 0.3437406116863591 0.037999663740623364 -0.054804178430267046 0.012909836507071703 0.0488500584297595 0.019533171569613143
25.0 25.37980760042435 0.5161673286606411 15.514250443198609 5.0 0.31729826227055974 0.06002503425954288 -0.05261846592563711 0.01731456203727316 0.08064623443885287 0.044201845821996724
25.0 25.44110611603651 0.5158583393094852 16.50830996647962 5.0 0.2736592544588032 0.062120246872305114 -0.0607765289114489 0.021174829255933253 0.10881299294801573 0.06027282806756521
25.0 25.54619153247317 0.5182844596890703 18.490576161515975 5.0 0.21348421418317984 0.06228031700719946 -0.06954898490129686 0.028397473431211108 0.1331337015468064 0.07668755565139627
25.0 25.64561688596813 0.5182976760430309 20.487163033761973 5.0 0.1716975990051167 0.0739239286953561 -0.08216671444800297 0.036754136141962185 0.1605075747623178 0.09220168660178737
