# target_velocity,velocity,velocity_std,alpha,beta,CL_alpha,CL_alpha_err,Cm_alpha,Cm_alpha_err,SM,SM_err,CY_beta,CY_beta_err,Cn_beta,Cn_beta_err,Cl_beta,Cl_beta_err
25.0 24.965747572337307 0.5064570692239426 -5.296187763102116 0.0 nan nan nan nan nan nan 0.33131436046880636 0.030749694862245353 -0.04687265400270613 0.0037156280850765637 0.02273384832234633 0.005690377618877008
25.0 25.040024810633717 0.5061095752513777 -2.687347120784206 0.0 3.1671891777602013 0.24228303436266868 -0.011603202682694951 0.03786535608822282 0.0036635647671985918 0.011958792508865255 0.3077747602549063 0.029217149400943616 -0.04669303732891603 0.0033771692945781706 0.025544046158018044 0.005248471664334764
25.0 25.05158104512093 0.5067196572401665 -0.059182441660448115 0.0 3.5091940148193737 0.16541126122674712 -0.07369063065389748 0.038387350468336835 0.020999303641434746 0.010983770808207671 0.31411830852309924 0.029307006518948638 -0.045276564674401824 0.0033720910244596667 0.032565738206024944 0.00672252964975307
25.0 25.052619103204744 0.5062610738981677 2.576282468525131 0.0 3.4269901471569653 0.16583922715515845 -0.0760939682784227 0.03394438314623283 0.02220431486841313 0.009963125422333963 0.309621104432188 0.025968610672691756 -0.04600523834243237 0.0033629841251419977 0.035101420562897445 0.006965476873983306
25.0 25.04414522445284 0.5072949347052031 5.195666938300848 0.0 3.20163990092538 0.2541065323700399 -0.058414916966706136 0.026422196516851012 0.01824531139489556 0.008378790548767816 0.3165937315690986 0.02448623616863794 -0.0469688692357994 0.0034027204972707508 0.03524403463117834 0.005495725856532916
25.0 25.051337585835647 0.5061221559704855 7.813076692023353 0.0 3.017136241705485 0.37050537607564754 -0.10273828870650441 0.022377046734695746 0.03405159080533597 0.008514226310787043 0.3292286124429127 0.023540146013162476 -0.049258597020596956 0.003486341556092629 0.03973975301224626 0.0056890044655657605
25.0 25.05022547514976 0.5074648277922545 10.423336269358735 0.0 2.527958915407825 0.4731576191780116 -0.3402487636844874 0.04004310135474326 0.13459426164352695 0.029758100810460906 0.32741786298942427 0.023907228256380416 -0.050219684712828505 0.0037749552974549842 0.043665883385429136 0.005845843973124476
25.0 25.22290915855217 0.5087486925148194 12.999009179286492 0.0 1.3401210056811965 0.5639574001840619 -0.5467835091294406 0.049851047058730176 0.4080105503991449 0.17568468516212488 0.348401743895991 0.033264957133858145 -0.05870524551853082 0.010760455261502601 0.036327327762542785 0.017948760239677054
25.0 25.351968468408007 0.5138637217356095 15.518176630271453 0.0 0.17580662205886574 0.8782317297345731 -0.5179795716645937 0.09110605684323433 2.9463029640098393 14.727204947396018 0.35084308817386256 0.05904805403760137 -0.046420935604350545 0.01790738075599581 0.04691804973940213 0.047178466952442266
25.0 25.441590757401283 0.5153577583148632 16.512708814441012 0.0 -0.6798143230544388 1.0619992628012351 -0.18490959777125715 0.12022941353259163 -0.272000149894532 0.4602517906542885 0.3191300627918963 0.06489422480449758 -0.04879500583487382 0.02051467440226899 0.043454519253054213 0.0572561011637017
25.0 25.534954133906083 0.5170141370024091 18.492932970103958 0.0 -0.32959463572465175 0.7877234044868752 -0.10641212333322382 0.09430651357907602 -0.32285757047976377 0.8229642515431806 0.23982698680848927 0.061590031940451324 -0.06095741175760269 0.02883917257834063 0.08723705133972104 0.07795685815929729
25.0 25.642937904957694 0.5203804593662088 20.49061561949309 0.0 nan nan nan nan nan nan 0.19834198095496064 0.0754358161108488 -0.07342736157828801 0.03781958006056215 0.11657484955620682 0.09488094852692348
