# target_velocity,velocity,velocity_std,alpha,beta,CL_alpha,CL_alpha_err,Cm_alpha,Cm_alpha_err,SM,SM_err,CY_beta,CY_beta_err,Cn_beta,Cn_beta_err,Cl_beta,Cl_beta_err
15.0 14.926309265547765 0.5122507390187343 -5.295565687768386 0.0 nan nan nan nan nan nan 0.3167819972197949 0.03925352106173029 -0.046092930080402335 0.004639733250139114 0.023088920820074018 0.006223435403675928
15.0 15.046234983056499 0.5107503188551169 -2.6868093216613653 0.0 3.051727989376547 0.3364569474813852 0.03792157182020299 0.0330844130724654 -0.012426262088958388 0.0109274282408597 0.3076694901911677 0.03692306623027429 -0.04581014904706401 0.004329782642515119 0.025343210675990407 0.005326271289189107
15.0 15.028232288813768 0.5177057653920886 -0.06744138797257879 0.0 3.607153258296013 0.23406277399907843 -0.12988995362156103 0.03025438700725122 0.036008992222004974 0.008706714221181858 0.3078947285187167 0.03641779891673145 -0.04495687512537933 0.004172507015185215 0.038204671152801184 0.006855372945566072
15.0 15.024277987286927 0.5141396211714657 2.5872668671945998 0.0 3.5530734628248943 0.23819028669798048 -0.13092117819552568 0.025629430368811306 0.03684730404967083 0.007624538423079364 0.30963493638103706 0.034627356668538015 -0.04523371915431558 0.004047744317954677 0.032789742968466984 0.006008691986727702
15.0 15.026123870656482 0.5162464440036537 5.198204162460353 0.0 3.067055407245765 0.3584373988934994 -0.019406992660056722 0.018391026892271675 0.0063275650691567795 0.0060417394426493945 0.32153581229795036 0.03482044679385555 -0.045533069165043946 0.00391808705503735 0.0347073155872396 0.0051140306572841875
15.0 15.029881950526745 0.5138038342956709 7.811961535014357 0.0 2.9342743273152836 0.5053433201914639 -0.08808143688644963 0.02045329272612881 0.030018132955905254 0.008678356031038245 0.33405043585956107 0.03448034834056435 -0.04736434547301299 0.003988257427794195 0.040989934354834084 0.005695892796344944
15.0 15.056328770589747 0.5161686683632052 10.418363806916219 0.0 2.495955897548348 0.6474643039047144 -0.3269636020002008 0.045136778798847095 0.13099734747771813 0.038493715937763726 0.33428130507300496 0.03508967793134776 -0.04762728549726596 0.004385418173887213 0.04505976905714592 0.006471767276065735
15.0 15.152243206830345 0.5181438579231659 12.99629976281954 0.0 1.1429742218521999 0.7504023482513934 -0.5448562138746444 0.06701573510737849 0.4767003519919287 0.31841522007788226 0.3660431795280384 0.046933114359954196 -0.060029166722294726 0.011450485700869154 0.03429892852896879 0.01828941069856315
15.0 15.239074909717372 0.5200701428269328 15.500476021159113 0.0 0.018437216502103723 1.1717101507714733 -0.49826485588657365 0.11886257079812214 27.02495009643786 1717.4843846491165 0.331794865953317 0.06968288179081157 -0.0472186975102519 0.01801956029927317 0.029702785148833823 0.048151510897794805
15.0 15.283459024831142 0.5185509326620877 16.493890009293853 0.0 -0.3908404169408473 1.3835757022969952 -0.1700873132062241 0.15635867817448518 -0.43518353229053686 1.591647455127494 0.2973597764157618 0.07472048366011685 -0.048884031418549787 0.02581555573601244 0.04680619951189689 0.07345343071998317
15.0 15.305635469665049 0.5209415103294806 18.48538243976885 0.0 -0.1609343390609325 1.0329449599842035 -0.11268503930232555 0.12437883818283137 -0.7001926373193795 4.560103392845492 0.21827444765659368 0.06677854408821537 -0.06323519546785968 0.030237401509569127 0.10486860258654508 0.08017790771100147
15.0 15.370422541793625 0.522618426442395 20.487286101108783 0.0 nan nan nan nan nan nan 0.1998739996677806 0.08205768551155075 -0.07162906018532295 0.03780730299528844 0.11553683912897358 0.09360593691162504
