# target_velocity,velocity,velocity_std,alpha,beta,CL_alpha,CL_alpha_err,Cm_alpha,Cm_alpha_err,SM,SM_err,CY_beta,CY_beta_err,Cn_beta,Cn_beta_err,Cl_beta,Cl_beta_err
17.5 17.421206989949056 0.5105659142481496 -5.298408336990357 0.0 nan nan nan nan nan nan 0.32929013714148603 0.03698819598949415 -0.045783314917937155 0.004270626635316367 0.02388302340194746 0.0057926464881589024
17.5 17.527055269393944 0.5126245491622052 -2.6910237740625087 0.0 3.0272218270794253 0.30470156199165255 0.03440027769887183 0.03600149577039403 -0.01136364616267986 0.01194746279566743 0.32214853694437107 0.03520559422797497 -0.045068834637241685 0.003916014618820023 0.02825544378963588 0.005378412851151361
17.5 17.54354637192694 0.5241899121815785 -0.0737665092949605 0.0 3.6275897410074402 0.20677915747574954 -0.12275957702163257 0.029442840839154442 0.033840534841610904 0.008342439984937333 0.32486376140707995 0.030935488478062552 -0.04432872852342912 0.003651030978337507 0.04190018314027126 0.006567249062412855
17.5 17.582606659658836 0.5196145611859424 2.583294953366535 0.0 3.5873159613571968 0.21575711084665972 -0.12604887860835004 0.02887862066204498 0.03513737846516918 0.008322972812201797 0.32297712923887556 0.03027927837807678 -0.04493243559677835 0.0036558089644696725 0.0320413509127409 0.0057567843679318135
17.5 17.563981346017318 0.5084530541745206 5.19472831301127 0.0 3.059944561237778 0.3192051934589592 -0.018228681475942782 0.01707576731288963 0.0059571933775718795 0.005614912466536161 0.3265364774570181 0.02956505477693673 -0.04566218817272315 0.0036128646494586105 0.03577100952490383 0.005102980092976225
17.5 17.542699131599875 0.510325536197539 7.810749101885737 0.0 2.958964323694154 0.4595832911019754 -0.09419243136527641 0.020842984631120567 0.0318329053888966 0.008606031287605788 0.3401371575916881 0.02951815635853138 -0.04784029274650972 0.003743536668729409 0.0412151127601042 0.005271591962860235
17.5 17.57411298573699 0.5089900432781234 10.417566642714187 0.0 2.4996367715100396 0.5788282210623042 -0.32886444383771224 0.041853005074901216 0.1315648927820197 0.03476370552456206 0.339169542306217 0.03019091017766918 -0.04834652102682362 0.004166542723661953 0.046578464090361524 0.006522748259772523
17.5 17.675755786936897 0.5186040555942674 12.995706544040077 0.0 1.2245418093741862 0.6791328426739099 -0.5543647072217329 0.05785663218916406 0.4527119474222332 0.25548164905125487 0.36576748054413644 0.04113926646669515 -0.05903712420462155 0.010584931257608897 0.0349130855564121 0.017095101642723494
17.5 17.793252352923684 0.5148052033844621 15.502753428895696 0.0 0.1547961201961662 1.0557237477704986 -0.5037922722719098 0.10633568746326692 3.2545536130587536 22.206981647150688 0.3470410820729161 0.06529349869441306 -0.04646333867539349 0.01729692046389469 0.02276982374414012 0.045461119795938844
17.5 17.79364998244693 0.5145737546368269 16.50152870988493 0.0 -0.4369017711720092 1.253366818178338 -0.16338442280425325 0.13833974683467087 -0.3739614567502599 1.1185582661981885 0.29918059813344217 0.07148926314130209 -0.0500466745775017 0.02470340983174099 0.048877357010823366 0.06993007585845021
17.5 17.85844732273088 0.5183865984920134 18.487914789935132 0.0 -0.2955227200662574 0.940216610935281 -0.1065092751897055 0.1132686081363475 -0.36040976871702346 1.2090194282986526 0.2302885635648037 0.06510815473131952 -0.06274866737184 0.02903432163368292 0.09010536170318577 0.07777486870343533
17.5 17.913400005248878 0.5203526259564655 20.489731801373207 0.0 nan nan nan nan nan nan 0.21022399788627946 0.07308303677817682 -0.0704006627454178 0.03393249362659032 0.10203753238660478 0.08439382442631663
