# target_velocity,velocity,velocity_std,alpha,beta,fx,fx_std,fy,fy_std,fz,fz_std,tx,tx_std,ty,ty_std,tz,tz_std,dp,p,rho,rho_std,temp,CL,CL_err,CD,CD_err,CY,CY_err,Cm,Cm_err,Cl,Cl_err,Cn,Cn_err,LD,LD_err
22.5 22.46093739083549 0.5082767942514773 -5.297371724288459 2.5 -1.1922480458730091 0.028155218882946274 0.5165395062756634 0.053422416849845694 12.281519047216051 0.11601381337151837 0.023276461497115437 0.0076470263117055515 0.09226853342180423 0.010186188339206172 -0.0369916055279014 0.0030758484826938328 222.5689361702128 101333.48936170212 1.1820000000000004 0.05 25.51776595744681 -0.36452759240325444 0.022843330599937737 0.035387097315790816 0.00234609318066316 0.015331401749241691 0.0018483211938587507 0.014189746269336424 0.0017962944571833133 0.00104677018650771 0.0003499564212393799 -0.0016635565428387649 0.00017249444896482607 -10.301144203782744 0.22904196863634618
22.5 22.530448664036832 0.5074474723258268 -2.689793368739127 2.5 -0.8288494020228138 0.024326548873175 0.5092786584960748 0.04816712414920657 7.942961979271187 0.10110498339798017 0.025692611844594794 0.0064645807105989566 0.1041429198177139 0.012462832772322787 -0.039318591328774626 0.0024485926879492114 224.08414141414144 101331.31313131312 1.1820000000000004 0.05 25.52 -0.23430247647556435 0.014782443968344258 0.02444950234258266 0.001672584616936405 0.015022764960122888 0.00169721973459309 0.015917205961096095 0.0021437769356355565 0.0011483088592605267 0.00029751462594808603 -0.0017573101181604723 0.00015417077281536134 -9.583118428856103 0.28677742952403446
22.5 22.54552551844287 0.5063208645397318 -0.06393601285172544 2.5 -0.6205490495501169 0.022935575084471718 0.4928844391100567 0.04838572514148404 2.6610218553932232 0.09592421461926276 0.02748828746500616 0.008810845143262707 0.09343063641008457 0.01296097962023043 -0.041134248011356636 0.0026081472859689364 224.42208333333332 101334.23958333331 1.1820000000000002 0.05 25.527395833333333 -0.07839020343019334 0.005601601376865508 0.01828055870118303 0.0013147822721563704 0.014519727213478521 0.0016835270950331376 0.0142608479052565 0.0021651546177464576 0.0012269224081366966 0.00040048603179866274 -0.0018360012674938206 0.00016243239756840344 -4.288173283517878 0.22139193459461057
22.5 22.55212863173621 0.5074350914842932 2.578170327690538 2.5 -0.6021108392096497 0.02510821701230442 0.5083672821881641 0.04065940883053352 -3.15903261116932 0.09448176681834396 0.04115298852917082 0.007925639105759535 0.053179617831576396 0.011299353681750678 -0.04264685997953929 0.0028833817840714583 224.58855670103088 101337.13402061856 1.1820000000000002 0.05 25.530000000000005 0.09300645791538031 0.006382305430179782 0.01772700801800779 0.0013210373534255973 0.014967063039874244 0.0015124399660981485 0.008112354091544377 0.0017950172024840793 0.0018357622684282064 0.00037128379552151886 -0.0019024012402376206 0.00017420934476190895 5.246596482660848 0.24894954264294736
22.5 22.54184078578718 0.5064428987563216 5.194781715454118 2.5 -0.7279122033729148 0.023746747576679442 0.535120640605355 0.03465592171923765 -8.166607576465703 0.09032574240872604 0.037409916429932785 0.007341919144597717 0.03463174974453943 0.007937680891161291 -0.0458182965008175 0.0026775271066861767 224.3805263157895 101337.32631578948 1.1820000000000004 0.05 25.53000000000002 0.240656173429468 0.01508810471026443 0.021450346893262903 0.001497333130641055 0.015769104182540263 0.001410664295868206 0.0052877686432672025 0.0012551314738757995 0.0016703140033041358 0.0003436336486510146 -0.0020457394604501624 0.00017386873185440727 11.21922058542806 0.3478664779359255
22.5 22.53766429490404 0.5064937522874332 7.812374373164891 2.5 -1.0608907236520246 0.024607253173449934 0.5660712746889193 0.032048071893257715 -12.98929862850835 0.08545969284791244 0.039587128682103984 0.006811704741103042 0.01781057049844005 0.006769137465058286 -0.05001086154422814 0.0028017093875645546 224.2963157894736 101334.8 1.1820000000000004 0.05 25.539999999999992 0.38291463536303555 0.02376804524931054 0.03127425092188309 0.002062103475319505 0.016687350251634637 0.001397640963484798 0.0027204251806094413 0.0010474781447806405 0.001768179420509748 0.00032322977631700094 -0.0022337607987325935 0.00018619489114308306 12.243766807380322 0.2600330942411536
22.5 22.53588487679046 0.5076181277298776 10.422170205061924 2.5 -2.016444652980639 0.045236463143726646 0.5839977315073717 0.03737460893177315 -17.51309326281096 0.10992980095281638 0.04391845193636002 0.008263935841848266 -0.02623367068392127 0.009204505432032294 -0.05315282641617417 0.0040377742224080235 223.57515463917525 101336.88659793814 1.1820000000000002 0.05 25.54 0.51635418970136 0.03207333578823985 0.05945264090373142 0.003908596525456015 0.017218527356344403 0.001531829543731173 -0.004007620581137531 0.0014277813213603773 0.001961949988470601 0.00038857068499841707 -0.0023744732015031906 0.00023252396631375207 8.685134618956047 0.1820158965232352
22.5 22.700210440351125 0.5123836876929837 12.99796933685512 2.5 -3.5893439228988124 0.11766963552366924 0.6459777239341722 0.06435545650793047 -21.05667344321626 0.29827423790867463 0.025644583276521894 0.02379589426477297 -0.16982311798558572 0.02148163950464069 -0.06786794275461415 0.01469001077881661 225.02 101337.60416666669 1.1820000000000002 0.05 25.5459375 0.6118769186724149 0.03883362273653118 0.1043012185909373 0.007302616692777395 0.0187711919604851 0.002201313072886086 -0.02556900395708058 0.0036004308343065504 0.0011290833930105789 0.0010500150143199463 -0.002988099524010686 0.0006726735380276446 5.866440746700736 0.16716265443370307
22.5 22.827256036427894 0.513709469800583 15.514615729907984 2.5 -5.954626128730378 0.16501302097122514 0.6153163659058735 0.12071805615015457 -21.985250809625555 0.5056692514340744 0.043514288004086965 0.06446503917514304 -0.349859273906861 0.022794134724279384 -0.05656626114036188 0.0247280161547245 223.91545454545457 101339.0202020202 1.1820000000000004 0.05 25.55000000000001 0.6317686627855909 0.04164005737850556 0.17111227064505807 0.011584046916161649 0.01768174495913626 0.0036368179738007975 -0.052091005079689966 0.004676591792036859 0.0018945872133989965 0.0028092093945239283 -0.002462862659185703 0.0010873376367216904 3.6921295030680903 0.0628112949722693
22.5 22.894852775660485 0.5137801353515065 16.507594321182328 2.5 -6.589960725621817 0.16156712710111445 0.5688946848657203 0.14120895375010506 -21.69443529055988 0.505431691599625 0.054505196977295764 0.0861429187127399 -0.3874264490409112 0.022581955420789515 -0.05863678315833015 0.030839190197761376 224.191875 101337.4375 1.1820000000000002 0.05 25.55802083333333 0.6197359863728816 0.04085815582388378 0.18825269041360645 0.012494150771522022 0.016251379855965264 0.004156514229777978 -0.05734430880248858 0.004866211822358452 0.002359132552486727 0.0037313366830643104 -0.0025379587928018046 0.0013439500607224607 3.292043184143989 0.03912448542867224
22.5 22.984853971478632 0.5168126115093024 18.491166969532514 2.5 -7.60414689300545 0.18826774537844249 0.5002319794381053 0.13620187467770026 -21.247841190513505 0.5453095827667512 0.08457614664953494 0.1028561993683885 -0.417850237821066 0.021881854948661267 -0.07266635588453114 0.03811059396824037 224.29947368421048 101336.69473684212 1.1820000000000004 0.05 25.55999999999999 0.6022341649183612 0.04026569208359783 0.2155266981226442 0.014336435477651698 0.014178230423562648 0.003958410406824041 -0.06136403690954106 0.004967854664706979 0.003632072732871489 0.004422787062345061 -0.003120613793142023 0.0016479379810479373 2.794243915784686 0.027072550045586324
22.5 23.07173435685623 0.5168090067822925 20.48920765590371 2.5 -8.681132326065844 0.19480129563674162 0.421139970125264 0.16644913515161058 -21.343896389486275 0.5025386660661493 0.13406566066197262 0.13259476071957182 -0.4468265068408561 0.02200961521227779 -0.09296613048216486 0.05229392489413436 224.3877083333333 101338.73958333331 1.1820000000000002 0.05 25.564062499999995 0.6004091391903648 0.03960337340639305 0.24420242171238798 0.016013392821309695 0.011846772600813382 0.004738811590527932 -0.06512612071287828 0.0051374401628132265 0.005714091722564042 0.005662355953519892 -0.003962364367161361 0.002242181745959047 2.458653501387071 0.022814482858537332
