# target_velocity,velocity,velocity_std,alpha,beta,fx,fx_std,fy,fy_std,fz,fz_std,tx,tx_std,ty,ty_std,tz,tz_std,dp,p,rho,rho_std,temp,CL,CL_err,CD,CD_err,CY,CY_err,Cm,Cm_err,Cl,Cl_err,Cn,Cn_err,LD,LD_err
20.0 19.939817933880676 0.5122610265982234 -5.298615636201817 2.5 -0.9446170718726341 0.0279330234998513 0.40499199096470084 0.04203327904337613 9.719679362451993 0.09996868309045027 0.01646016846806426 0.005877378652222646 0.07365999358706544 0.007952473339611275 -0.027804561197358545 0.0025057658547318544 174.89999999999998 101348.03 1.1820000000000004 0.05 25.449999999999985 -0.3660527189100261 0.024651287110800158 0.0355752113411872 0.002590841879292762 0.015252398140015876 0.0018805224405457916 0.014373616927146041 0.0018229657257371058 0.0009392518061250489 0.00034115149106668605 -0.0015865866970804267 0.00017774802106398745 -10.289544463962992 0.2916260530441814
20.0 20.037369930027648 0.5090927370083951 -2.6906557540839 2.5 -0.6604196728989867 0.02508156260519381 0.4037765518327219 0.03946799973722246 6.310731266458131 0.08662228234277837 0.018322154132224076 0.005731817028267202 0.08284268306701949 0.008758773451652047 -0.03054282969107674 0.0020112101632724 176.72368421052633 101344.45263157894 1.1820000000000004 0.05 25.44999999999998 -0.23535982365122762 0.01589314031260457 0.02463046692789136 0.001878035735757421 0.015058916949760548 0.0017770790346681785 0.016008457611460875 0.0019962393076251327 0.0010353453562579854 0.00033104740939159414 -0.0017259093368295045 0.00016105200609955715 -9.555637915443166 0.3684220337580825
20.0 20.03952945031757 0.5132164963019906 -0.06930731583621924 2.5 -0.5015864142481571 0.022748941147006922 0.3923044875965038 0.03886785280698992 2.278957809847802 0.08576900666053783 0.020829657203833233 0.007019492784349181 0.08093604586574378 0.009872054560891146 -0.032397836142719086 0.0018085492792139749 176.78250000000003 101345.88541666669 1.1820000000000002 0.05 25.45833333333333 -0.08497581167911797 0.006487906512628555 0.01870272125871517 0.0015043668067682256 0.014627911106919404 0.0017448909716401835 0.015636649826141026 0.0021717759235472234 0.0011767852700335626 0.0004042024102241456 -0.0018303371956931045 0.00015881954208515805 -4.543499873822938 0.2677733567556775
20.0 20.038443048661758 0.5094810534516071 2.5814572295218157 2.5 -0.4835425799851748 0.022381047334611825 0.4051727461691429 0.03381520016784714 -2.6021284008668304 0.0838986069573005 0.023923043994235896 0.005636918065298372 0.03310480747368904 0.008163569387139292 -0.03352723616307474 0.0018294503584752213 176.78979166666667 101348.72916666669 1.1820000000000002 0.05 25.460000000000004 0.09703643869955113 0.007140402200123132 0.0180318734101375 0.0014557322803351394 0.015109369827128271 0.0016090243226525916 0.00639646288025756 0.0016331107423841638 0.001351694758844815 0.0003308072134551731 -0.0018943487881851362 0.00016243539241895245 5.381384201876514 0.2810138694768362
20.0 20.040315519461252 0.5092812832376237 5.194510819082399 2.5 -0.5859282876488237 0.022565649353648562 0.4315345908903267 0.026978265756067054 -6.44573194555467 0.07477113833509069 0.027055158719344302 0.00459508153058092 0.025412364857579407 0.004618324827507571 -0.036250033928702026 0.001670513971180735 176.823125 101349.23958333331 1.1820000000000002 0.05 25.460000000000004 0.2403240347686352 0.016134321541790186 0.021845874349453037 0.0016717252482056967 0.016089427066001163 0.0014641396210910527 0.004909222759191959 0.00094940324593844 0.001528379192022015 0.0002785622928801762 -0.00204780900165656 0.00016505253721192613 11.00088881426036 0.40875592865813026
20.0 20.033499433521506 0.5082996202817663 7.81240374652344 2.5 -0.849590338264924 0.02394338688362121 0.45223713202278865 0.027284940022152933 -10.264135358733059 0.07380515916072887 0.030648898455800936 0.004761785816911692 0.013753839558370666 0.0043313364323252085 -0.03973866243316208 0.00200901277088322 176.70100000000002 101349.98 1.1820000000000004 0.05 25.46789999999999 0.3829506492376798 0.02544863750926017 0.0316978644818624 0.0022766663771608617 0.01687278053773543 0.0015095758963640752 0.0026588086581832604 0.0008555334337952134 0.0017325723298353263 0.00029250688136773346 -0.0022464137513996648 0.00018687560215173196 12.081275994375114 0.31876779835845
20.0 20.058855602625872 0.5067423763399369 10.42146009060507 2.5 -1.6099018203085373 0.03853575150333498 0.4691162197274972 0.032746278339229315 -13.85137951833581 0.09020885766674852 0.033291305614691236 0.006272355676850461 -0.02229772126940499 0.0072253316243276865 -0.04178004401693466 0.0028344174590138084 176.60157894736847 101346.93684210526 1.1820000000000004 0.05 25.46999999999998 0.5154835377127752 0.03413355865484709 0.05991301332869609 0.004200405462741963 0.017458310793048562 0.001675892968000459 -0.0042995692169297646 0.0014217441154043527 0.0018771918656321216 0.00037468617727015336 -0.002355845087064758 0.0002228071513365899 8.60386598959258 0.19368904565175107
20.0 20.06888090562549 0.5121995877219493 12.996243590179317 2.5 -2.827313586151269 0.08333292680015607 0.5231026005508794 0.051314860867479904 -16.40105931439336 0.23642894630331765 0.017336320716061178 0.020102029434323307 -0.13626487978148225 0.015646631624087845 -0.05533835843749712 0.012659387789963646 175.29947368421054 101342.7052631579 1.1820000000000004 0.05 25.46999999999998 0.6097610276909295 0.04136815034161269 0.10511428590366584 0.007626131991289724 0.0194479864492521 0.002302590866287345 -0.026249098498199848 0.0034803281135767036 0.0009765641143612567 0.0011342071410147358 -0.0031172389968336022 0.0007424499182913407 5.80093393061489 0.14022186247007146
20.0 20.312678786725705 0.5140208747613525 15.508658140585835 2.5 -4.673658239109482 0.13202459526858587 0.5091718857866213 0.09670511980467628 -17.20710817981171 0.41912588802895606 0.005808008064114677 0.04197255300103199 -0.27422178937852265 0.018473724080831623 -0.043166917994342136 0.016713804498449086 176.82052631578944 101343.84210526316 1.1820000000000004 0.05 25.478526315789477 0.6244642248313531 0.0439089648315996 0.1696120195743493 0.012170574661454873 0.018478388328883048 0.0037151597033299646 -0.05156372995334421 0.004861579445146739 0.0003193617864789864 0.002308018121164438 -0.002373595886108056 0.0009322735384666446 3.681721533641781 0.05883179180987002
20.0 20.34792615991814 0.5144622497711246 16.504610869262084 2.5 -5.182319771308699 0.14891137169424581 0.46206566104719027 0.1068403768719649 -17.034993459846547 0.4760944505759203 0.028713607540754544 0.06407762244496527 -0.30486990168210365 0.020470981345864264 -0.04419476565891287 0.023149757003665297 176.5942105263158 101342.25263157894 1.1820000000000004 0.05 25.48 0.6160780572571802 0.044115055319665065 0.1874208818640837 0.013478725668898482 0.016710808574960972 0.004017919616092206 -0.05712826194610751 0.005375837506925499 0.0015733943789623883 0.003512737165105435 -0.0024217018279085326 0.0012785245787337635 3.2871366900511956 0.04146133602228127
20.0 20.433781686115612 0.5175849123735118 18.487890706706676 2.5 -5.972816630532591 0.13809741666112937 0.4101212020947265 0.10028789343939835 -16.6810098514472 0.3987238908267237 0.04648218462257431 0.08145975588634972 -0.32547904256219384 0.016035695434349535 -0.053372477615651615 0.030107085301197378 176.80199999999996 101341.53 1.1820000000000004 0.05 25.4821 0.5982172283289044 0.041991036305937667 0.21419817156477522 0.014979143708904664 0.014707836694595598 0.0037252328347044147 -0.06047867923662822 0.0049810103103146664 0.002525684931840315 0.0044293856915388966 -0.002900080183050787 0.001647076143555997 2.7928213577117247 0.025850695482473724
20.0 20.50534135229567 0.519101048471109 20.489971392276868 2.5 -6.850713518961931 0.16920661254745817 0.34499608168558 0.1336463848777616 -16.885892581074664 0.43815577615387685 0.08964893277949626 0.1119731290855431 -0.35257608162858295 0.021250633615391767 -0.06951710916074874 0.04428589596998534 176.754375 101339.47916666669 1.1820000000000002 0.05 25.48947916666667 0.6013455355496058 0.042632684500840824 0.2439696906857204 0.017187168711216522 0.012286105250737488 0.004827988887669492 -0.06505723580865788 0.005813671564229778 0.004837280339813285 0.006050273297424108 -0.003751006676800659 0.0024023608216553935 2.464837061765405 0.02446476878353823
