# target_velocity,velocity,velocity_std,alpha,beta,fx,fx_std,fy,fy_std,fz,fz_std,tx,tx_std,ty,ty_std,tz,tz_std,dp,p,rho,rho_std,temp,CL,CL_err,CD,CD_err,CY,CY_err,Cm,Cm_err,Cl,Cl_err,Cn,Cn_err,LD,LD_err
25.0 24.980420102145256 0.505871679867981 -5.29658177439556 -2.5 -1.4128848205672158 0.03505452143681409 -0.5600269531181364 0.07483420184000301 15.125331371766956 0.1384040675661277 -0.026077124524833576 0.009475976404585406 0.1215097834769046 0.016640558818044923 0.05934778772314331 0.0038987812936742655 275.6414285714286 101261.5 1.18 0.05 25.75 -0.36355905636164076 0.021568461580899926 0.033960715272124055 0.002161618827461498 -0.013461051900837096 0.0019641956229771483 0.015132964293960374 0.0022542868914742294 -0.0009496986807589029 0.00034956501655323554 0.0021613777106810174 0.00019029336207178002 -10.705282661112284 0.25137606495643866
25.0 25.018326889197603 0.5076442747523435 -2.688897620374476 -2.5 -0.9492385973552098 0.027462168076145307 -0.5470429715964339 0.060510770192569736 9.731580795200113 0.13145582311905943 -0.032647968046288826 0.008549762808232268 0.13762166414189447 0.021120161043969993 0.0565706954745519 0.00294261627265528 276.66270833333334 101261.41666666669 1.18 0.05 25.75 -0.23320422381019906 0.01404039247635428 0.022747224214188087 0.0014880458396705266 -0.013109147862687794 0.0016414131618122845 0.017087656909124574 0.00280747477852363 -0.0011854008672107887 0.00031812519972727557 0.002054000769027156 0.00016105345937370282 -10.251985983623575 0.30117448811598835
25.0 25.080255443521345 0.5099451270272799 -0.06045059676458464 -2.5 -0.6967339169960332 0.02626167489378469 -0.5360075264573032 0.05967600980795863 3.1082160638496186 0.10365391316841537 -0.039436684222713785 0.009727026872453089 0.1139003909207846 0.020169132195822795 0.05507011473984407 0.0027233090534708 278.0991666666667 101259.95833333331 1.18 0.05 25.75 -0.07411682972540089 0.005005614915564728 0.016613938036839453 0.0011593906274418042 -0.012781343945815002 0.001608847305861264 0.014072573950316336 0.002625406410058837 -0.0014248268525554344 0.00036125736683753173 0.0019896545513693586 0.00015275800336736256 -4.461123519364015 0.22451648269972496
25.0 25.03229817309248 0.5090293422044818 2.5750637466614847 -2.5 -0.6587473832818918 0.026223531375115062 -0.5053760800699889 0.04709893778445729 -3.726360721187713 0.10542585310099362 -0.030092211015677495 0.009977807776839858 0.08318812314780283 0.016502405661628018 0.05224465156865711 0.0028385302545496246 277.06895833333334 101259.71875 1.18 0.05 25.75 0.08919756355400348 0.0058149191824024594 0.015768377240620902 0.0011187977502141195 -0.012097142062604193 0.0013326063020861164 0.010317443881722404 0.0021345380668348073 -0.0010913857056172463 0.0003675087992875271 0.0018948114476294254 0.00015160156478534454 5.656737037228011 0.2538074231027596
25.0 25.143462241531545 0.513940719549928 5.194399576258954 -2.5 -0.8238662104341383 0.026189047674862406 -0.5051468791226046 0.03863232107096327 -10.123513693207629 0.10570505171980187 -0.03834500753211831 0.007564461760679831 0.057704302880641926 0.01317898127924091 0.050636598630447956 0.002788843507565471 279.57416666666666 101259.39583333331 1.18 0.05 25.75 0.24018764297360323 0.014362569357157982 0.019546818348508733 0.001307909421635343 -0.011984972997402714 0.001156750630887729 0.00709365847395709 0.001673078939949644 -0.0013784286069125904 0.00028378094108427433 0.001820287453340459 0.00014675645641730296 12.287812711572451 0.36819312713574315
25.0 25.02278661558111 0.50620456497594 7.8114680571424095 -2.5 -1.2063285660674576 0.02608043706442044 -0.49928526326352496 0.032663455025707125 -15.938286199546395 0.09478625052380245 -0.04757241271634142 0.009067409046953308 0.04011254308243992 0.008788407137808547 0.04969611447181637 0.0034681696711430445 276.85400000000004 101253.81 1.1800000000000002 0.05 25.75 0.3818034259803174 0.022483648043166056 0.028897735529155397 0.00180462639649554 -0.011960434244236614 0.0010503592796949769 0.004978758805782336 0.0011291414316737663 -0.0017266703935649998 0.00034430366212039726 0.0018037514734716535 0.0001643566250884089 13.212226459582263 0.2599310122941839
25.0 25.053857349700674 0.5106601713761266 10.421422323123407 -2.5 -2.4025275838134075 0.054853128285804006 -0.4773706697949383 0.03602630943482617 -21.57026307706591 0.17606879362872307 -0.05230018217885656 0.008764250959170144 -0.01840715235882356 0.009385340405115771 0.04851826771545206 0.004199201908531297 276.70191489361696 101250.98936170212 1.1800000000000004 0.05 25.752127659574462 0.515437232032476 0.030597499226649023 0.057410155975292906 0.0036211747804671393 -0.011407121731130117 0.001091316203749463 -0.0022790279020125288 0.0011697196054509108 -0.001893562352046036 0.0003362816058046357 0.0017566356617704476 0.0001838011390198323 8.978154183282486 0.17759678086746472
25.0 25.166654457031168 0.5087808099137625 12.996921240520793 -2.5 -4.3200258702310865 0.11698440618448414 -0.47982261620225586 0.08022136256378093 -25.782940681000735 0.29663046017526035 -0.053111279011392516 0.036282430462927236 -0.210381915669448 0.025214785652787636 0.05383469038535766 0.02188627616661066 276.9082978723404 101248.5319148936 1.1800000000000004 0.05 25.756170212765955 0.6105918763121292 0.036444950065419486 0.10230689875360469 0.006601439895775311 -0.01136316431662203 0.0020130015810139986 -0.02581485373919461 0.0034436366705809063 -0.0019057301155251082 0.0013066560668090364 0.0019316874426115647 0.0007934273135700333 5.968237565119385 0.14055416676816568
25.0 25.370201734446763 0.5122861028486883 15.516940480277198 -2.5 -7.1568475747883245 0.19976308441765883 -0.3992445106872627 0.13597345992754992 -27.23274065583685 0.6058636459913019 -0.1427398316417536 0.09662171856432349 -0.4216074776792721 0.025402521929194826 0.04657803211748289 0.034595598336172234 277.1404081632653 101243.64285714286 1.18 0.05 25.758571428571425 0.6346189758757999 0.0397402996917427 0.16677980875339846 0.010815625276346117 -0.009303806241847368 0.0032151217353334973 -0.05090643680505697 0.004276338524675805 -0.005039911940644939 0.003424288021351779 0.0016445947675615567 0.0012253019798328093 3.8051307326665125 0.06644732637434188
25.0 25.43438478605658 0.5148663228227921 16.508925514053406 -2.5 -7.99120673965933 0.21128919506087301 -0.3404218514961673 0.15612398180520334 -26.799204400521575 0.6731267320296622 -0.11822422822715431 0.11955673803986064 -0.4791686148986855 0.02346434276997463 0.05921572658666731 0.04161903575830188 277.1342105263158 101241.23157894737 1.1800000000000004 0.05 25.76000000000001 0.621368125683954 0.03961897702428378 0.1852846479904627 0.011912592212259364 -0.007893043563708109 0.003649336499415576 -0.05756494920431138 0.004396287082310052 -0.004153264810337404 0.004207123341856453 0.0020802723531290353 0.0014671675506136858 3.3535866701483985 0.039392776581258546
25.0 25.535209927729863 0.5176544795922217 18.488820824830523 -2.5 -9.199584639793313 0.22475646494865853 -0.28021947933146923 0.16105519019748749 -26.05525644763191 0.6441466507265645 -0.0985387509620634 0.143750232847471 -0.5075797385234615 0.02375345960052116 0.06239159833850064 0.053617833514495894 277.3087755102041 101239.9387755102 1.18 0.05 25.76 0.5993576208196214 0.03814524216244715 0.21162106668638803 0.013444498301547625 -0.006445980709381471 0.003724041995546723 -0.06049753066582182 0.00453905368982048 -0.003434423104992109 0.005014249606958812 0.002174567312849638 0.0018731170178372949 2.8322209608169104 0.028816698179826992
25.0 25.632862693515374 0.520975831019036 20.48763467902751 -2.5 -10.528957975206692 0.23205757268233565 -0.29676938689303295 0.21245757089001238 -26.216500645799464 0.5999495419349882 -0.09246824122839425 0.1542130973388617 -0.5491492468656928 0.02538119166230756 0.07101371840129315 0.062440519091958004 277.44894736842105 101234.63157894736 1.1800000000000004 0.05 25.76000000000001 0.5984805550979818 0.03771616531123843 0.24035918060691525 0.015074881787179162 -0.0067747679144313155 0.004866351145232537 -0.06495437463788248 0.004853797212610931 -0.0031983352478160915 0.0053373005419290066 0.0024562560682899475 0.0021645325720156218 2.489942566731995 0.022134138092067816
