# target_velocity,velocity,velocity_std,alpha,beta,fx,fx_std,fy,fy_std,fz,fz_std,tx,tx_std,ty,ty_std,tz,tz_std,dp,p,rho,rho_std,temp,CL,CL_err,CD,CD_err,CY,CY_err,Cm,Cm_err,Cl,Cl_err,Cn,Cn_err,LD,LD_err
15.0 14.926309265547765 0.5122507390187343 -5.295565687768386 0.0 -0.5306717741416657 0.022929540205036257 0.022562154616724 0.028745379489835274 5.404504697083649 0.08217573692831937 -0.0012328797115584234 0.0031021952673757586 0.0411756084949243 0.005329106362342838 0.002826440581620933 0.0013000327474827693 97.67740740740742 101522.29629629628 1.1850000000000005 0.05 25.18740740740741 -0.3623132602311948 0.029706622972670124 0.035575770839035556 0.00325248856185174 0.0015125470797419595 0.0019309144984472415 0.014302470058370032 0.002180456298122771 -0.0001252290542247737 0.00031526521021316904 0.00028709409161376714 0.00013406068586432337 -10.184270127849098 0.42179611392969213
15.0 15.046234983056499 0.5107503188551169 -2.6868093216613653 0.0 -0.36802313714329776 0.022422957822622692 0.031095833084469515 0.02729381915774575 3.4959426238654507 0.07310244515936945 -0.001575426303248318 0.00268122250357525 0.05052081884484762 0.005056587501211373 0.0017594093706244055 0.001022401771772866 99.32934065934067 101522.74725274726 1.1850000000000005 0.05 25.190000000000005 -0.23064381765344652 0.01905675612312432 0.024280221521963685 0.002440341682368858 0.002051538719987994 0.0018081536596706313 0.01726993065287604 0.002212125377199805 -0.00015748227437018764 0.00026831498750140673 0.000175873532556146 0.00010316337942053919 -9.499246843559812 0.5871473184715066
15.0 15.028232288813768 0.5177057653920886 -0.06744138797257879 0.0 -0.28378798675881955 0.02135855898783262 0.032858358445501334 0.02840346075333885 1.2503319770500394 0.07016530700254237 -0.0020209305227869238 0.0034938455743063726 0.04965077836304934 0.0043869146943022255 0.000658986163937865 0.0010674296866210852 99.09857142857146 101520.05952380953 1.1850000000000005 0.05 25.19 -0.0826880483624398 0.008133914823942297 0.018767715458383075 0.0020722539731752926 0.0021730177121937755 0.0018865889075063325 0.01701320580186096 0.002036895044434508 -0.0002024999176856165 0.000350470021953631 6.603128729499997e-05 0.00010709082845387736 -4.405866475639958 0.41362573272449177
15.0 15.024277987286927 0.5141396211714657 2.5872668671945998 0.0 -0.277550914660293 0.021416580382385718 0.037471808837783255 0.02514988798708524 -1.5741742735862188 0.06863052039934733 -0.0035654246117829166 0.002908362428199295 0.016223861227574153 0.0032998160692563495 -0.00040405142974680194 0.0009326788534259548 99.06012345679014 101520.3950617284 1.1850000000000005 0.05 25.19 0.10415947716742399 0.009526637425839406 0.018364903202550676 0.0020465638797178176 0.0024794230744029427 0.0016760080988855533 0.005562152534386492 0.0012164868166654119 -0.00035744835540670007 0.00029298816047999517 -4.0507803358236797e-05 9.356156274869397e-05 5.671659470165757 0.47461768414162203
15.0 15.026123870656482 0.5162464440036537 5.198204162460353 0.0 -0.3333673856707912 0.021807104105843418 0.046109991679541065 0.024103300296638576 -3.701391222765505 0.06570149351716327 -3.4783689607756684e-05 0.0028811630757590834 0.014139266422182174 0.002172444582202028 -0.0016785830280891365 0.0009568913019330147 99.08566265060242 101518.8795180723 1.1850000000000005 0.05 25.19 0.24485234245974474 0.020216151110092208 0.022052731086390658 0.0022897614779456565 0.003050242137090148 0.0016133260463343532 0.004846283780830681 0.0008409244906392488 -3.486349995411014e-06 0.0002887775204044502 -0.00016824344968196115 9.686339060225361e-05 11.103039414961614 0.7061939136012869
15.0 15.029881950526745 0.5138038342956709 7.811961535014357 0.0 -0.4776648698068679 0.02284089701565698 0.04799793643549359 0.022203259560427374 -5.783695701847128 0.06532586870543325 -0.0015431473998918225 0.0023957661592135487 0.01012486896522429 0.0015276822164840608 -0.0029234564532423153 0.0009466567426730609 99.13451612903228 101520.67741935483 1.1850000000000005 0.05 25.190000000000005 0.3824084657543808 0.031025807221863842 0.03158241709522747 0.0029528253288625917 0.003173544767545681 0.0014900203287379536 0.0034685995637640235 0.0005929272159335548 -0.00015459147420248293 0.00024032740983949766 -0.000292869911782357 9.771088980217018e-05 12.108271023124693 0.5483343751409826
15.0 15.056328770589747 0.5161686683632052 10.418363806916219 0.0 -0.9101502063428748 0.02959508688967398 0.05376839148846221 0.024519842175613794 -7.766218201979727 0.07579802844338919 -0.0014241233765014912 0.003419337786311334 -0.01180651783710159 0.003925564276911636 -0.003522508901837396 0.0016633123851679736 99.16425287356324 101523.93103448275 1.1850000000000005 0.05 25.195862068965507 0.511687268639669 0.04149641485105909 0.0599664162174454 0.005206673065425389 0.0035425995850678353 0.001640503599171947 -0.004030505716826628 0.0013788333320715028 -0.00014216696844690778 0.00034153647920058886 -0.0003516439798437257 0.0001684407577893959 8.532897260096881 0.2562462382101824
15.0 15.152243206830345 0.5181438579231659 12.99629976281954 0.0 -1.6314152359707905 0.057901845227133444 0.07165107830608203 0.03874431564343094 -9.374095569107215 0.16450590775583868 -0.008177833129814242 0.012381723119080729 -0.07746543330636918 0.009988594915157223 -0.007597348763164003 0.007440078249022041 99.58951219512196 101526.5975609756 1.1850000000000005 0.05 25.2 0.6098298994346911 0.05016099682982202 0.10613138963154849 0.009323528460759442 0.0046612464696630645 0.0025481852292291106 -0.026111389447025016 0.003967209735976584 -0.0008060716475109781 0.0012221579773950238 -0.0007488545360399406 0.0007358176483322203 5.745989961610885 0.1670063334203815
15.0 15.239074909717372 0.5200701428269328 15.500476021159113 0.0 -2.635507403682807 0.0825029874627715 0.08078310778047734 0.06524407141116124 -9.553402597361599 0.2694540654205022 -0.03017269215132984 0.03287010301656252 -0.16077958838303147 0.010846732174984185 -0.0009150180162624354 0.01183603239657344 99.16080459770114 101523.83908045976 1.1850000000000005 0.05 25.199999999999985 0.6144323511228938 0.05226138411840317 0.1695041105976043 0.014600029071039152 0.0051956100811956715 0.004216868895484571 -0.05357838239420584 0.005616887201965454 -0.0029402626032994537 0.003211797053523467 -8.916649668077806e-05 0.001153417562854405 3.6248817150017714 0.059204409935165306
15.0 15.283459024831142 0.5185509326620877 16.493890009293853 0.0 -2.898963045283067 0.08320994526359939 0.06560075680370187 0.07193220456524729 -9.429301639164484 0.2617332317030907 -0.013253210956210265 0.05500228041854809 -0.17360795412311944 0.009570826279733094 -0.0017605915506552165 0.018891080981083306 99.3070786516854 101522.82022471912 1.1850000000000005 0.05 25.199999999999992 0.6029335029383925 0.0510022492713322 0.18536706223519928 0.015738639863544214 0.004194679055634737 0.004611724579015124 -0.05751779096298499 0.005583737730764186 -0.0012840060298684186 0.005329753625588852 -0.00017057075260070448 0.0018302684961369329 3.2526463745396823 0.04441102969910634
15.0 15.305635469665049 0.5209415103294806 18.48538243976885 0.0 -3.3521418364282507 0.08915227423022694 0.05697237953799778 0.06694261818272056 -9.33447859804377 0.2554919108316153 0.0075488720653681856 0.059319064633631576 -0.1863216360826633 0.009937152033099089 -0.006062582565582032 0.022207084612165383 98.86684210526316 101521.57894736844 1.1850000000000005 0.05 25.19999999999998 0.5951419105738004 0.05037052188782874 0.21372378500759215 0.018035863725354866 0.003632409721876219 0.004277988873185398 -0.061551189551399224 0.005922543119033525 0.0007292368396065852 0.005730643398225634 -0.0005856581634574824 0.0021457635504895465 2.784631156296708 0.03117967970150716
15.0 15.370422541793625 0.522618426442395 20.487286101108783 0.0 -3.8235193274027606 0.10213797179716315 0.0509980702472671 0.08366770419115792 -9.459718447442954 0.2629428005610009 0.002285325727901476 0.0671073849211222 -0.1992572050154548 0.011413263307936364 -0.005343973703131215 0.026899449663656157 99.02862068965516 101521.7816091954 1.1850000000000005 0.05 25.199999999999985 0.5980531732087815 0.05066674438669782 0.2417268420072728 0.020394578056981572 0.003224150687819545 0.005295848346799768 -0.06527070650961717 0.00642366451150936 0.00021891008108856875 0.006428202970847236 -0.0005118962703674893 0.002577008978463211 2.474086734607603 0.027584676635989753
