# target_velocity,velocity,velocity_std,alpha,beta,CL_alpha,CL_alpha_err,Cm_alpha,Cm_alpha_err,SM,SM_err,CY_beta,CY_beta_err,Cn_beta,Cn_beta_err,Cl_beta,Cl_beta_err
22.5 22.46199617344475 0.5082904590828202 -5.297080704556887 0.0 nan nan nan nan nan nan 0.3383985149345835 0.03312493708253827 -0.045838118196233436 0.0038475934798762306 0.0239650242699262 0.00567541955462832
22.5 22.54276814081072 0.5073315329042137 -2.687566530964559 0.0 3.150558209360719 0.2593871612633506 -0.0014550651717743872 0.03605629014409477 0.00046184360836476495 0.011444476425423926 0.312968574890869 0.030079801577258765 -0.046524991100638576 0.0035195886627367424 0.024647609270856245 0.005570064787864901
22.5 22.54998166729163 0.5060614238080952 -0.06378899174315322 0.0 3.575497030505162 0.17544073172069824 -0.09012923827279316 0.0351866676316323 0.02520747115822924 0.00991847928758541 0.3157256181802692 0.02906037907928048 -0.04527468271386704 0.0034474884306755055 0.03583594369914645 0.006686368402011654
22.5 22.55267024352838 0.5064546317425216 2.5785192778926094 0.0 3.4644276821414097 0.17556368761504781 -0.08600911044113346 0.03071373479071594 0.02482635469185781 0.00895428117556287 0.3146134566540424 0.026857552593648828 -0.04499844780360206 0.0033418628595383868 0.032787301589695166 0.006779700805063571
22.5 22.53965288391445 0.5073531892898263 5.195153247185896 0.0 3.1292264107038275 0.2698332598872206 -0.04231772989316841 0.024029912460958675 0.01352338384605743 0.007767222244592394 0.32662105341043535 0.0243831410227226 -0.04642190996172527 0.003340633497278924 0.036909943270151076 0.0048633833321989
22.5 22.53905437809281 0.5053181005578766 7.812341695947249 0.0 2.9965030181687817 0.3893705694377051 -0.09812830260927519 0.021370305572323098 0.032747606798421716 0.008304771435804546 0.3353328269753769 0.02525032765750392 -0.04880608913713078 0.003584075874039674 0.04223756724193303 0.0054724664994987415
22.5 22.522159643580007 0.5070168993969308 10.421829269346407 0.0 2.5304974749197338 0.4988711960136338 -0.3288257066226102 0.04299511324073086 0.1299450838744822 0.030740197722404435 0.33062860097053054 0.02604660209336769 -0.049626259797620614 0.003857169776776346 0.043702619077303315 0.006417878777653971
22.5 22.575747744367483 0.5116113416937296 12.997522219812243 0.0 1.3244600216758093 0.5922539476166984 -0.5532576721795796 0.05134367312833277 0.41772319520792717 0.19077196389571874 0.3543011550878759 0.03458608641264561 -0.06002528831101379 0.010388276903667674 0.03441434422626605 0.01669087025581917
22.5 22.83858567532993 0.5146623374010414 15.515395771229485 0.0 0.09340787194253904 0.9171081314474524 -0.5158368453527155 0.09475313004767219 5.522412989667923 54.23029162494617 0.338295836603492 0.06133109804266474 -0.04634872445402841 0.018247273079967093 0.05308629412013054 0.04831283317127978
22.5 22.887147345296476 0.5138682651635051 16.51010257479081 0.0 -0.6071738148512992 1.1043043656535318 -0.1770890780262229 0.12192572622958912 -0.29166125694928585 0.5671986548335342 0.30977971694201034 0.06685529882073621 -0.04944104554943067 0.021301441907045957 0.04395374113290516 0.05754566710074312
22.5 22.997658396300668 0.5175879707107137 18.49168787727929 0.0 -0.24697338474319971 0.8136837601597207 -0.1117236019045045 0.09546636079619678 -0.45237101973831517 1.5397022401184846 0.2280483117954594 0.06343401392371283 -0.06193266159604809 0.03104759797332167 0.09440981955543447 0.08442233512150278
22.5 23.058761898949836 0.5196876882665163 20.489983499364325 0.0 nan nan nan nan nan nan 0.19826491321269155 0.08030031783614588 -0.07545641630995924 0.03636096573101542 0.12255641157690217 0.09074742036092373
