# target_velocity,velocity,velocity_std,alpha,beta,CY_beta,CY_beta_err,Cn_beta,Cn_beta_err,Cl_beta,Cl_beta_err
17.5 17.433478240250093 0.5075849655783159 -5.297027281997277 2.5 0.31955762224304063 0.03436374229795191 -0.04104842820522778 0.0030944281457345904 0.02317673197902502 0.005837533295213915
17.5 17.48079764627438 0.518054283808551 -2.691181659042676 2.5 0.31233679395791364 0.03271884129684176 -0.042994300539272355 0.0030195266853993625 0.025974891235126415 0.0052332638019136
17.5 17.545639544178837 0.5119212334428609 -0.07189679812887426 2.5 0.3115483273894379 0.03080461186574189 -0.04293610803847936 0.002854610396865386 0.038875228552625006 0.007060022154946581
17.5 17.564863913833438 0.5220419794412164 2.582280675629116 2.5 0.3142800847038444 0.027414313409949265 -0.04314256313259036 0.00273463791328453 0.02726977202340582 0.005361791811044631
17.5 17.567559324165128 0.5244464899639832 5.194876556599325 2.5 0.31640084114503886 0.026446973229654048 -0.043717365782128745 0.0029006764794331542 0.03331639911712737 0.005369380850325451
17.5 17.533240551938796 0.5158423062496684 7.810272528675397 2.5 0.31938779028840636 0.026691165166998505 -0.04553633861688689 0.0029757051389090704 0.038588850019107813 0.005246936988736448
17.5 17.522253738120323 0.5083153776509001 10.420346108189545 2.5 0.32464071511478376 0.02764251684657008 -0.046456035204503074 0.003610269151112531 0.04483382300089214 0.005936414680425547
17.5 17.571875832592347 0.5104183978484207 12.996143172083077 2.5 0.34463035371475 0.03914777992534399 -0.05510065673487211 0.010721958738111138 0.038023341442887174 0.018964578805582076
17.5 17.79415531476538 0.5143933366923418 15.503484440950853 2.5 0.3022813942844288 0.06432142073349457 -0.048151952037951425 0.01918058307101626 0.05073045754381862 0.052998759409944717
17.5 17.78832849180161 0.518320262184524 16.500452819824694 2.5 0.29491216710461227 0.07335365749851178 -0.043785269902155866 0.02069158563661514 0.02300732602767299 0.057010819310082395
17.5 17.875790383608265 0.5199745840352158 18.486756090556856 2.5 0.2263717550707108 0.06733927399431448 -0.056898833046617255 0.029688100361050067 0.0726092016016025 0.07961163162837617
17.5 17.93658040125548 0.5192925967724848 20.48603606789762 2.5 0.21604549640442325 0.07271850164151296 -0.06554904537122629 0.035294712489517856 0.08149244833175287 0.0887076312151454
