# target_velocity,velocity,velocity_std,alpha,beta,fx,fx_std,fy,fy_std,fz,fz_std,tx,tx_std,ty,ty_std,tz,tz_std,dp,p,rho,rho_std,temp,CL,CL_err,CD,CD_err,CY,CY_err,Cm,Cm_err,Cl,Cl_err,Cn,Cn_err,LD,LD_err
25.0 24.965747572337307 0.5064570692239426 -5.296187763102116 0.0 -1.4215413133034813 0.03339148894419505 0.0698596719972385 0.06691494956785617 15.138638081723181 0.13599626665772754 0.005684722960992665 0.009578001391978397 0.12279950290055891 0.015246369886520754 0.007331179132291664 0.0036044376597426 276.24999999999994 101487.06315789474 1.1839999999999995 0.05 25.478 -0.3630759698495297 0.02151099026722183 0.03409338992204024 0.002151185577204994 0.001675472260241805 0.0016078444196944441 0.015259840680506608 0.0020947883860460708 0.00020657419488025996 0.0003482601890045628 0.0002664039104751137 0.00013190563466172569 -10.649453477045215 0.2357498054783737
25.0 25.040024810633717 0.5061095752513777 -2.687347120784206 0.0 -0.96667457645305 0.02403753675135628 0.03862350546954783 0.059813109463497716 9.701777230061358 0.11216357706190941 0.0005630924291275334 0.007591396870054636 0.1459445450717769 0.015023572621317578 0.002408463127055281 0.002648252833211875 278.0784210526315 101484.8105263158 1.1839999999999995 0.05 25.48 -0.231303198505703 0.01378363993298833 0.023046800204288145 0.001464112677683893 0.0009208354449664502 0.001427039301039276 0.018028554130712828 0.0021342454375344213 2.0340709283401935e-05 0.000274228244765418 8.700143307401673e-05 9.579851385702826e-05 -10.036239150572674 0.2539141568745586
25.0 25.05158104512093 0.5067196572401665 -0.059182441660448115 0.0 -0.701665845944129 0.023578770866572035 0.08663406722041395 0.06787026393121962 3.0463482629726295 0.10556545750491228 0.007047135742083262 0.01122444030386791 0.1094034467660447 0.019692222685915556 0.0023346253028873987 0.003106401018061635 278.4022916666667 101486.94791666669 1.1839999999999995 0.05 25.48 -0.0725619793029192 0.004932465945191106 0.016713211424251605 0.0011272578273088495 0.0020635655709440037 0.001621122171368536 0.013502160474647463 0.0025553913679733807 0.0002543303980948672 0.00040536183544718737 8.42563850643487e-05 0.00011221791728029641 -4.3415940516152745 0.20957205147354832
25.0 25.052619103204744 0.5062610738981677 2.576282468525131 0.0 -0.6794383708625042 0.025047865815272605 0.08206000425095958 0.053999212104798334 -3.8078029663057062 0.10423470134872746 0.017507414698096756 0.012495745471186842 0.0853272360776142 0.01653029120166286 -0.001083800050523866 0.0029937185061530832 278.460625 101486.82291666669 1.1839999999999995 0.05 25.48375 0.09069180522712146 0.00585374896899708 0.016182426701000653 0.0011183282756385099 0.0019544524725461586 0.0012911826595170348 0.010529892754343037 0.0021307726774234454 0.0006317884211112991 0.00045244249588349177 -3.91109900878316e-05 0.00010805822375059044 5.604339009396746 0.23524118081307396
25.0 25.04414522445284 0.5072949347052031 5.195666938300848 0.0 -0.8373842576265282 0.026940117015075423 0.0942039971817149 0.04471985061305655 -10.14293932486515 0.10091616449914607 0.008504851217506638 0.008779204146505777 0.0551887160654886 0.014134165937267198 -0.003700101326648898 0.0032834963144401995 278.27000000000004 101484.35051546391 1.1839999999999995 0.05 25.49 0.24174152104407573 0.01434969096853937 0.01995777926431522 0.0013327849872617945 0.0022452088923880405 0.0010738975035262993 0.006815228233420126 0.0017904073230577073 0.00030712149122616656 0.00031753777843857977 -0.00013361558104498842 0.00011882895691572599 12.112646294085076 0.3709153725853108
25.0 25.051337585835647 0.5061221559704855 7.813076692023353 0.0 -1.2373415337680485 0.02752299255716286 0.09033370793559153 0.03844783492829588 -16.109768437658705 0.10629097835022093 0.0011612899586211974 0.009022179642846328 0.0368522151073987 0.01066505652463567 -0.007047149038498726 0.0036962284431499366 278.3994736842105 101483.48421052632 1.1838631578947365 0.050001181149483764 25.492210526315773 0.38377572938082105 0.022574654180038175 0.02947662788901205 0.0018434881682182467 0.00215197907932773 0.0009245222727356859 0.004548775427962184 0.0013430009359330034 4.191649333541703e-05 0.0003256627107674855 -0.0002543652199116935 0.0001342404159592299 13.019661910644823 0.259292697611262
25.0 25.05022547514976 0.5074648277922545 10.423336269358735 0.0 -2.453831399395801 0.053235644441403905 0.09028992834879426 0.03768154933947764 -21.71745523819342 0.11669124603932621 -0.0010896914123585911 0.008667302172877029 -0.0241515046756904 0.00979675384095322 -0.008562496883930067 0.0043630506924853575 277.2796774193548 101480.55913978496 1.1830107526881724 0.05000010637056555 25.5 0.5177838693664284 0.030442615502130524 0.05850383034369212 0.0036528789157565526 0.002152677095566803 0.0009071946505095433 -0.002983502909550996 0.0012227615792085055 -3.93639955788166e-05 0.00031310597064342 -0.00030931150384411557 0.00015864776451400117 8.850426823758486 0.18264639652152456
25.0 25.22290915855217 0.5087486925148194 12.999009179286492 0.0 -4.394520770393029 0.1228686603058079 0.13838291813074638 0.07244357974255394 -26.07303458072695 0.29570618797623605 -0.013811509115515343 0.03414202442414448 -0.2162046252181413 0.02654982357290693 -0.015477994403253582 0.019080010948697733 278.837 101479.93 1.1830000000000005 0.05 25.5021 0.6131518411471668 0.03649323620423382 0.10334464494277618 0.006693856108301797 0.0032543101483823935 0.0017142119171529304 -0.02634414617748006 0.0035825539931961035 -0.000492122991004185 0.0012168668539160154 -0.0005515021448248869 0.0006806101226191108 5.933078017604881 0.1472507118274807
25.0 25.351968468408007 0.5138637217356095 15.518176630271453 0.0 -7.253914903591319 0.1947480784765025 0.20782897109647963 0.14864550641009114 -27.327856761965723 0.5910873928800109 -0.0550841940906703 0.08544898934458912 -0.42962608434660227 0.025408831313857023 -0.00843863439251397 0.03143164056413455 277.32 101476.56382978724 1.1830000000000005 0.05 25.51000000000001 0.6361345857050317 0.03971416363991024 0.1688557647286093 0.010878431597878109 0.004837817966389702 0.0034717323052738847 -0.051817537189103854 0.0043128475086427615 -0.0019427928649477365 0.003015891443888047 -0.0002976265507432646 0.0011087157683925546 3.767325247837696 0.06321370525263634
25.0 25.441590757401283 0.5153577583148632 16.512708814441012 0.0 -8.089545957704427 0.1906674056154246 0.20617054877643792 0.1617251681266048 -27.08324619585394 0.5753355550545959 -0.0657285719176846 0.11765446775590375 -0.4849504029122892 0.02444140981851845 0.0007905844544415807 0.040543528792618265 277.93631578947367 101474.15789473684 1.1830000000000005 0.05 25.51000000000001 0.6260067272137347 0.03898843724692383 0.18698313167506816 0.011800986576119157 0.00476546088877468 0.003748540126312092 -0.058078888736247905 0.0044866878640697746 -0.0023019110811313974 0.004122635552311451 2.768742820897428e-05 0.0014198948233779597 3.3479315572785695 0.04317035955791639
25.0 25.534954133906083 0.5170141370024091 18.492932970103958 0.0 -9.330080675759627 0.21916663937730976 0.17098319030674647 0.16956973778084758 -26.34070463212678 0.6176876264168678 -0.026397250891231194 0.15468199351480108 -0.5204020720959058 0.02183889613136239 -0.007178181535753306 0.05656768851055787 277.8947422680412 101476.05154639175 1.183 0.05 25.518659793814432 0.6043994101045826 0.03811110780999114 0.21408293116728125 0.01350246694165737 0.0039232868217638555 0.0038976255881995104 -0.06186974861955558 0.004456029991529504 -0.0009177225600857813 0.005377917485197778 -0.0002495554996577433 0.0019666773688733065 2.823202236671142 0.030375204812012307
25.0 25.642937904957694 0.5203804593662088 20.49061561949309 0.0 -10.656418083200084 0.24605223424872505 0.1567713673161322 0.20736811353043827 -26.464452758414666 0.634968488648079 -0.009764166699919058 0.19356390785513175 -0.5598113411753445 0.02532719853266429 -0.013196120247948747 0.07645901957597268 278.2752083333333 101479.55208333331 1.183 0.05 25.52 0.6021354049875417 0.03812672170375754 0.24246133773554088 0.015270774722304047 0.0035669579723062723 0.004722793445631885 -0.06599569848225251 0.004885694814541624 -0.000336606498323705 0.006672884216870907 -0.0004549184753428463 0.0026359565306690296 2.4834285359107726 0.02347519349783136
