# target_velocity,velocity,velocity_std,alpha,beta,CY_beta,CY_beta_err,Cn_beta,Cn_beta_err,Cl_beta,Cl_beta_err
17.5 17.524886433713867 0.5139981976518863 -5.292426880858997 5.0 0.2922254293190851 0.036936754049676036 -0.047071869184725536 0.003965152051091809 0.019213437266145602 0.00586093032076729
17.5 17.435040641246566 0.5144049776321572 -2.687071866482381 5.0 0.2779896250102903 0.03485961876723542 -0.04677085837618973 0.0038724444589826644 0.022107062729816475 0.0051473548284126525
17.5 17.538520756647785 0.5337807792080369 -0.0679216622657827 5.0 0.26602324279460154 0.03190180946896161 -0.045972207134493126 0.003886318673586231 0.03199545169549417 0.006235734222290927
17.5 17.482291946634003 0.5144050792791343 2.5853082445876665 5.0 0.27432886313077964 0.03127011070244218 -0.045785444662811876 0.003863274017659452 0.01925883689859801 0.0050724483758277815
17.5 17.466839916338856 0.5150685210012953 5.194779363435918 5.0 0.2891623190422776 0.031177949593551548 -0.047054090913776554 0.004102279403580418 0.028766771317272365 0.005203148712865899
17.5 17.428846814442547 0.5118176653834663 7.810312298231974 5.0 0.3078113191114448 0.032222078206369374 -0.04945457112946406 0.004394086280640603 0.0359685278533826 0.004946009285603143
17.5 17.598448300438143 0.510951897525317 10.415992460074758 5.0 0.31820407904026426 0.033844091203172263 -0.05002036374095643 0.004756193643833542 0.04037655871487187 0.00649610011421599
17.5 17.63021392678117 0.5078834332767488 12.98681581175098 5.0 0.3399518938732178 0.043887262680036725 -0.057501452092597855 0.011199679240214361 0.0438050905505169 0.017073825769196936
17.5 17.75090456290692 0.5171170042304533 15.501231122517828 5.0 0.2912809004494663 0.06150968400704583 -0.05592722909639436 0.01621511677712738 0.10234882057455283 0.04289412572224743
17.5 17.81293762297089 0.5174427721021818 16.499388232610148 5.0 0.26793536024712183 0.07248502587510937 -0.057001791926813206 0.024133557182277134 0.09110903445266123 0.06911586718949861
17.5 17.87376044677441 0.5190451746643182 18.484693237285995 5.0 0.20185874350251673 0.0654768862412993 -0.06665002470688047 0.02737663163198226 0.12205983446457477 0.07196415997325109
17.5 17.935553259765342 0.5195277985343848 20.483125521237582 5.0 0.16592664409163835 0.07439305973524138 -0.08194712288296552 0.03377376229685625 0.15549609979042098 0.08304594166024858
