# target_velocity,velocity,velocity_std,alpha,beta,CY_beta,CY_beta_err,Cn_beta,Cn_beta_err,Cl_beta,Cl_beta_err
20.0 19.939817933880676 0.5122610265982234 -5.298615636201817 2.5 0.3309423917437054 0.03010303431729089 -0.04152073454649845 0.0029480526046659723 0.023928327479980593 0.005434754958539102
20.0 20.037369930027648 0.5090927370083951 -2.6906557540839 2.5 0.31130596417160694 0.032340869696277016 -0.04333105186482653 0.002789032127115042 0.025673310938247804 0.0057031538073435434
20.0 20.03952945031757 0.5132164963019906 -0.06930731583621924 2.5 0.31186226148878776 0.02883333870398715 -0.04302722981652963 0.0026324982927509533 0.037124205353250776 0.006877024616770768
20.0 20.038443048661758 0.5094810534516071 2.5814572295218157 2.5 0.3116644879215756 0.025095934341797518 -0.04279763809220245 0.0026454886608178697 0.030589674736687528 0.005529554768179152
20.0 20.040315519461252 0.5092812832376237 5.194510819082399 2.5 0.3197304605629045 0.022719588241620833 -0.043519972349920555 0.002584356879179656 0.035546557061008836 0.0045122900777707165
20.0 20.033499433521506 0.5082996202817663 7.81240374652344 2.5 0.3268483973347669 0.022254832757822692 -0.045285644659807056 0.0027171545190900668 0.04266765342263728 0.004868731977416233
20.0 20.058855602625872 0.5067423763399369 10.42146009060507 2.5 0.32434943223749585 0.024076147300532726 -0.046412211380462066 0.0033850137877550366 0.04425126557479595 0.005986318246993346
20.0 20.06888090562549 0.5121995877219493 12.996243590179317 2.5 0.3478566013845483 0.0357177571763224 -0.0564987646812224 0.011905195305948123 0.03432618793651466 0.019331326597238473
20.0 20.312678786725705 0.5140208747613525 15.508658140585835 2.5 0.31759964049261724 0.0640638999643669 -0.04768872164517556 0.01850834039853641 0.04393879221957195 0.04917145651359175
20.0 20.34792615991814 0.5144622497711246 16.504610869262084 2.5 0.2771801725821212 0.06413023260553913 -0.052307646274059635 0.023450962059940482 0.0717395312009399 0.06606953333656583
20.0 20.433781686115612 0.5175849123735118 18.487890706706676 2.5 0.24048439075179068 0.06106026341208956 -0.05577427906378154 0.02838032524485192 0.05797665586686216 0.0761916781382677
20.0 20.50534135229567 0.519101048471109 20.489971392276868 2.5 0.2131875016513569 0.07660603668183327 -0.07025689143987274 0.038285324245722493 0.09488882512211724 0.0963363539273022
