# target_velocity,velocity,velocity_std,alpha,beta,CY_beta,CY_beta_err,Cn_beta,Cn_beta_err,Cl_beta,Cl_beta_err
15.0 14.953136339901896 0.5151036652827816 -5.292257902390008 2.5 0.2908468174138256 0.03720767106928465 -0.0406861037172866 0.0033191406788745056 0.021035203486600106 0.00584574351599651
15.0 15.020491089448177 0.5123907987851972 -2.684501955837458 2.5 0.28945251071105405 0.0357178317916229 -0.041659075605792135 0.003112171561497283 0.025424742649492394 0.0054774263657143794
15.0 15.022149755850062 0.5163804584234473 -0.06344173981131382 2.5 0.2837013865402514 0.034798834294668256 -0.0426894402701924 0.0030819876032050996 0.036108118505463055 0.006672840247600463
15.0 15.031154658739517 0.5130574693539668 2.589620107444178 2.5 0.2883259741897525 0.032908787702516394 -0.043240040766685785 0.0030184581827141983 0.029924687231813255 0.005777824330581595
15.0 15.03944968561328 0.5092221284271965 5.201190998678845 2.5 0.2897409957219717 0.031491393596943175 -0.04336424391385046 0.0029524366511018067 0.03277205345356684 0.004579343982077696
15.0 15.022942817438649 0.5121562154777534 7.815181215120681 2.5 0.3004230297598814 0.03078125100505476 -0.0450075160066525 0.0030245543983534 0.036938824837354285 0.0047387944718391625
15.0 15.038484216352437 0.5120106292501156 10.42237144252806 2.5 0.30673479901792544 0.03220195837223194 -0.04600263262672324 0.0038102852765987028 0.04570962304358104 0.0062854565081044145
15.0 15.03211921047652 0.5165898748648386 12.995100770718393 2.5 0.34057670890151054 0.0441225938091567 -0.05678783875995475 0.011379302968782956 0.032985636859240844 0.019768380354680953
15.0 15.217058239076335 0.5198126299933291 15.506541215817107 2.5 0.30342588575245816 0.06784299350644599 -0.04425353670966882 0.01869270293154661 0.032227133010542516 0.05044395558005219
15.0 15.26433744024629 0.5171102440477805 16.498789153198278 2.5 0.2945118373767452 0.06823321146595207 -0.04002141411647601 0.019892134796304313 0.005565760503742961 0.05512159546609222
15.0 15.309308335047842 0.5200998457258448 18.486601656301684 2.5 0.22792860564161965 0.06568715947979374 -0.0523234711429324 0.02862667683051213 0.05094187879258287 0.07672550090412311
15.0 15.383746864411641 0.52412431802887 20.483393441200704 2.5 0.21277160711112866 0.07360067772821352 -0.06687519642122397 0.03559444343814022 0.09085199482145871 0.08968106476215809
