# target_velocity,velocity,velocity_std,alpha,beta,fx,fx_std,fy,fy_std,fz,fz_std,tx,tx_std,ty,ty_std,tz,tz_std,dp,p,rho,rho_std,temp,CL,CL_err,CD,CD_err,CY,CY_err,Cm,Cm_err,Cl,Cl_err,Cn,Cn_err,LD,LD_err
22.5 22.449757529687616 0.5085052374830581 -5.298499688461435 -2.5 -1.1429244565943684 0.030750182053783253 -0.4618591733459798 0.05378243773746762 12.284585401597136 0.12772906866823558 -0.022827787397020557 0.007644922226332857 0.09432049545911313 0.013393763863457775 0.04601596438640747 0.003057083696828369 221.7864948453608 101219.46391752578 1.179 0.05 25.79072164948454 -0.36591055854452265 0.023022880084228668 0.03404332442772294 0.002302550851244283 -0.013757008687160673 0.0018152377764577307 0.014556709060920337 0.0022558441698461574 -0.0010302303059648295 0.0003508924350203391 0.00207672518779734 0.00018879239352122913 -10.748379152023885 0.2716940154791434
22.5 22.642707178276055 0.5061466592460893 -2.6887766279110856 -2.5 -0.7879799491362033 0.02584600092722115 -0.44999531733976805 0.05770808430822853 7.95937588008365 0.11407006073494262 -0.028296503459743508 0.007537428166710656 0.10910556055467492 0.016115094044891275 0.04557040374753418 0.0026542373439820146 225.78413043478264 101216.27173913045 1.1790000000000005 0.05 25.799021739130445 -0.23305587824725796 0.014744610775711249 0.023072582807238586 0.0016106428543533479 -0.013176165502146257 0.0018746833615068369 0.01655276779151892 0.002649119656329957 -0.0012553646211851408 0.00034322662998918926 0.0020217152525280847 0.00017142547025883847 -10.100987834536717 0.33640280049664184
22.5 22.59815073399107 0.5117065683391423 -0.06366633827414034 -2.5 -0.5737196732345201 0.024574121890257948 -0.4402807435510427 0.04260486722467064 2.6554257944111095 0.09699750962792317 -0.039807515061185156 0.00771928415790081 0.09469870933639032 0.01462584767385161 0.04344301224800937 0.0024074585128405846 224.9297938144329 101212.25773195876 1.179 0.05 25.800000000000008 -0.07805956277786062 0.005620159110537517 0.016865207434529524 0.0012715211355870516 -0.012942603183805988 0.0014877471700780176 0.014423766918364072 0.0024007260778203185 -0.0017730177251977465 0.0003609847835476361 0.0019349419483560752 0.00016096633984548966 -4.628437751559633 0.2605511170190321
22.5 22.531114370671936 0.5079113932559572 2.580419466184505 -2.5 -0.547260826760565 0.02466438578932314 -0.4160246217032883 0.03797894915802761 -3.2383976185382646 0.09432032304849704 -0.026222230943592207 0.007898899710193004 0.053935879626127864 0.0116601026136956 0.0414522478458562 0.001998951650649067 223.61255319148933 101213.22340425532 1.1790000000000005 0.05 25.804148936170225 0.09576406534538405 0.006550917814610298 0.016183288078912103 0.0012390937790652042 -0.01230244514448022 0.001356903728711897 0.008264048547156832 0.001858344462152779 -0.0011748924292198238 0.0003613060360483805 0.0018572764564923966 0.0001457299734086912 5.91746651721358 0.29409111371052227
22.5 22.59767916478698 0.5113959336759195 5.194129563627471 -2.5 -0.6768542299800844 0.024711615476895127 -0.4053199466056997 0.03401667793286544 -8.159087315974222 0.08768235871488941 -0.03196978299569386 0.006110644334331484 0.04287769502589686 0.009322112735750954 0.04009404177516613 0.002102502741045047 224.95494623655907 101213.0752688172 1.1790000000000005 0.05 25.809999999999995 0.23985658784259684 0.015098679063311679 0.01989780716674025 0.0014320898024827884 -0.011915384112515583 0.001243463161890557 0.006531067800790502 0.001476583414558866 -0.0014239863398955981 0.00028614983977901724 0.0017858540924950963 0.0001450498100903091 12.054423175008147 0.4214785236820385
22.5 22.490868655810537 0.5066620345474633 7.811174361382179 -2.5 -0.9842309848638942 0.0251931718257865 -0.39595513843272184 0.029822564588385482 -12.853006904476642 0.08844501798065896 -0.04068024678636767 0.00668882829280313 0.02861894373924255 0.007372266143968915 0.039087825706983687 0.002525670069148098 222.8033333333333 101206.90625 1.179 0.05 25.812187500000004 0.3814433336103973 0.023747122051806326 0.029209378840243858 0.001955861759645234 -0.011750903822461899 0.0011454123836611935 0.004400698145548245 0.0011658668308654509 -0.00182921574854976 0.00032135870098655265 0.001757611420974542 0.00015724076478138723 13.058933423289899 0.3063427333859929
22.5 22.577488304432826 0.5123361114154931 10.41954864276851 -2.5 -1.955986419924504 0.047829346294648224 -0.3771944836733439 0.03317060132488059 -17.42405943828856 0.1404976401097562 -0.04317978276517944 0.0069520377917666075 -0.015848295420146784 0.008278381541783062 0.03854070954869817 0.0032986814292895305 223.8434042553191 101206.09574468085 1.1790000000000005 0.05 25.820000000000007 0.5131399635974843 0.032141150329918045 0.05760395870273841 0.0038453467788633 -0.011108408135706117 0.0011959880229608691 -0.002418308732975886 0.0012721071947885923 -0.0019267395521750286 0.0003324950146195262 0.0017197379120732585 0.00018186865841595236 8.908067694540069 0.19446531599444872
22.5 22.65573853240046 0.5096689191356942 12.996821932128968 -2.5 -3.5188647540302123 0.1028252987565714 -0.3733827899103384 0.06279214746065843 -20.872915282592896 0.241846677898273 -0.05134336406532791 0.025800258160718688 -0.1673511858329822 0.022206958571062342 0.039122666514538156 0.014653433962134099 223.529595959596 101206.9494949495 1.1790000000000005 0.05 25.820000000000004 0.6104701169985559 0.03840182725567527 0.10291623134629363 0.007038076252538841 -0.010920325807670132 0.0019566684878347643 -0.02536020643132889 0.0037125868802919105 -0.002275211029693743 0.0011519250829681842 0.0017336675144941885 0.0006581347255509759 5.931718534702651 0.15512837154969583
22.5 22.828592762718145 0.5166804016647384 15.513908996524464 -2.5 -5.815507944882645 0.16486082908577648 -0.2957304228726143 0.12066815663206513 -21.90193805261803 0.501257207001026 -0.12489471673486574 0.07277763376664402 -0.3457914855709799 0.02007094308314259 0.04202991487177016 0.02655091336730859 223.475376344086 101205.3010752688 1.1790000000000005 0.05 25.82731182795699 0.6309021562389054 0.04171267441644786 0.16752017530304236 0.011424780392289913 -0.00851874208609011 0.0035158729719188134 -0.05161030811784179 0.004384316756806519 -0.005451042865757721 0.0031943327350518256 0.0018343999938486538 0.0011643902719877166 3.7661264089391597 0.06649799186497568
22.5 22.895856368610342 0.5155770234202998 16.504701294125923 -2.5 -6.457370612212207 0.1712859772219325 -0.2758208785992912 0.12736782847366296 -21.517406525117654 0.5238248630338048 -0.0860034203999486 0.1037301349442984 -0.3837644347505393 0.01841069951551546 0.045761604919077825 0.03648073521557152 223.70936170212764 101204.9574468085 1.1790000000000005 0.05 25.829999999999984 0.6161889247191223 0.04096361351337164 0.184918207935849 0.012446552773889938 -0.007898617819056682 0.0036799855765664393 -0.05694182447279815 0.0044576081516583925 -0.003731605729933654 0.0045066668363873755 0.001985552043545154 0.0015876225715000085 3.3322241849374175 0.046413865822790466
22.5 22.98480960284992 0.5178507261298455 18.488836069595596 -2.5 -7.471165736645618 0.16012701833205742 -0.2318746469214907 0.1299533805481222 -21.09325724815787 0.46173437073863605 -0.06305624473196392 0.10196350124166481 -0.4129922758561161 0.017578744169716953 0.046768734773480355 0.037943610977473896 223.7970833333333 101205.76041666669 1.179 0.05 25.836354166666663 0.5993763120107354 0.03934079477471984 0.21229721483829622 0.013902297720467242 -0.006588843490861614 0.0037151346831132037 -0.06080517547181726 0.004566731041800272 -0.0027148140834660373 0.004393134271033986 0.002013574077692745 0.0016383631541615653 2.8232886261238606 0.02426071005079749
22.5 23.056146077106057 0.5209837298112469 20.488073518167973 -2.5 -8.515221884821628 0.16883253908092094 -0.23120621315311016 0.1796267684559335 -21.211725268141517 0.4248063250788831 -0.0875030073886882 0.1345468975661043 -0.44224088330486666 0.019448366031546666 0.06063733829986232 0.05421080047103773 223.61999999999992 101207.06382978724 1.1790000000000005 0.05 25.840000000000007 0.5990186038119937 0.03901427664672666 0.24046965817797875 0.015647159328891318 -0.006529257815895179 0.0050887695723527936 -0.06470918005079006 0.004917405785650512 -0.0037440648375484074 0.005761645674440349 0.002594540838608831 0.002325129815707657 2.491036118031333 0.023406869381075845
