# target_velocity,velocity,velocity_std,alpha,beta,fx,fx_std,fy,fy_std,fz,fz_std,tx,tx_std,ty,ty_std,tz,tz_std,dp,p,rho,rho_std,temp,CL,CL_err,CD,CD_err,CY,CY_err,Cm,Cm_err,Cl,Cl_err,Cn,Cn_err,LD,LD_err
15.0 14.930812418018563 0.5130586436921898 -5.294028212954558 -2.5 -0.5309224675134154 0.022904455633908583 -0.17802158699624257 0.0326589248438554 5.361471380399355 0.07770189766208874 -0.011589460239105466 0.0036628878436295517 0.04034408899489874 0.005156549337489377 0.020001880541905933 0.0014569015653460805 97.404 101332.99 1.1810000000000005 0.05 25.70209999999999 -0.3604282042502363 0.029558537515235055 0.0356915887421395 0.003266639602497527 -0.011967610449886167 0.0023986389477475482 0.014052622510973525 0.0021243179515135525 -0.0011804675421528499 0.0003850663549329144 0.002037331357509457 0.00022150701286177614 -10.09840741061477 0.4199854834849516
15.0 15.073387650680313 0.5159047308965851 -2.6871284462969216 -2.5 -0.37792094008751564 0.02186617550470246 -0.17530724044212137 0.031163517862394404 3.5026603316062794 0.07794979269375388 -0.013734657157819243 0.0035653032120481934 0.05312539465946715 0.005614460931614523 0.01945721245501568 0.0013558102410396323 99.34291666666668 101333.95833333331 1.1810000000000005 0.05 25.71 -0.23103508767459768 0.019293038237347897 0.024927623366535468 0.0024709588206383213 -0.01156324617036545 0.0022564216618002862 0.018156192486753826 0.002411911117542668 -0.0013726310083224578 0.00037304825692705885 0.0019445387565475295 0.00020701513607155646 -9.26823565477786 0.5462085557178845
15.0 15.089314456029902 0.5209591723125078 -0.06689400441735774 -2.5 -0.2877734539635279 0.02148493809618561 -0.16977411078527452 0.030300147018548097 1.24606529478926 0.07498295580746793 -0.020190446212188594 0.003866422887999112 0.05134950105125942 0.0047149140496296985 0.018956881693377444 0.0011577376526253778 99.57319148936168 101332.3085106383 1.181 0.05 25.719999999999985 -0.08201691629876807 0.008275771050229462 0.01894145626672459 0.002086514030723047 -0.01117465440390793 0.0021901483506846873 0.017512234143582932 0.0021441767901596164 -0.0020135601969056083 0.00041866406757560534 0.0018905388238616735 0.00019177690911539516 -4.330021680690482 0.41521097564531684
15.0 15.059985155957492 0.5220480393575928 2.584570630458722 -2.5 -0.2698872019063796 0.021473301514486263 -0.1675440243886115 0.028654802620038233 -1.5262976874269043 0.07482710098840259 -0.018561236047344193 0.0037860877801330728 0.018124304868091776 0.003782842162447664 0.01831551784402972 0.0011489211323077511 99.20333333333332 101328.75 1.1810000000000005 0.05 25.724374999999995 0.10085369476413898 0.009569111751065097 0.01783342902635244 0.0020277935421434542 -0.011070863852077817 0.002096159259271315 0.0062052119013466574 0.0013897672639395298 -0.001858298709179894 0.000408005830352598 0.0018336980942813717 0.0001882014795850804 5.6553170237259245 0.49436781020241616
15.0 15.061516174275676 0.5152920466874148 5.197890073291134 -2.5 -0.33279764196332645 0.02212382447363553 -0.15992413577632983 0.026560820566833072 -3.700465938702957 0.07354295814474661 -0.014871370455467058 0.002636309838712137 0.01601569431029631 0.002536924992252042 0.01734650232631097 0.0010463651985791337 99.22050505050504 101328.63636363635 1.1810000000000005 0.05 25.73 0.2444672462866787 0.02026186041321259 0.021985913246911584 0.0022947403023340428 -0.01056521360705182 0.0019497973728256905 0.005482172937394811 0.000974003839991572 -0.0014885770750261483 0.0002897970628225747 0.0017363299349013018 0.0001746118821170827 11.11926730271346 0.7128689884415322
15.0 15.036464750179602 0.5171680532213134 7.81048490547747 -2.5 -0.4727725878216708 0.024120051853566676 -0.15996122305359692 0.024623052886031355 -5.741909461322387 0.08558422693010405 -0.018377207808820573 0.0026063395901075787 0.012913729408493328 0.0025283247679686403 0.016895137102804023 0.0009673744025463247 98.88875 101326.35416666669 1.1810000000000005 0.05 25.73687500000001 0.38059801050975817 0.031261085200250574 0.0313373639136131 0.0029938498511065835 -0.010602905472996697 0.0018431727365612795 0.0044351115407395125 0.0009393264597706719 -0.0018456347745059044 0.0003012316281395793 0.0016967894623259028 0.00016799681455877556 12.1451827141218 0.5643867419625331
15.0 15.077563780798105 0.5131136558109035 10.418478530616117 -2.5 -0.9062642878603275 0.02961961164683148 -0.15944175837595206 0.02535163068043841 -7.763984751988194 0.078026936072201 -0.022172252023735305 0.0033891266807356104 -0.007446445015019054 0.004613125663177968 0.01632370307757593 0.001655805147112135 99.12312500000002 101329.09375 1.1810000000000005 0.05 25.74000000000001 0.5118279282424849 0.04134740155243725 0.0597439829820531 0.0051716390496648265 -0.0105109357464934 0.0018716196633637122 -0.0025434955607360776 0.001588848379764937 -0.002214650388219279 0.0003822405397080936 0.0016304746725425076 0.00021079338284775816 8.567020521484755 0.25695519745383155
15.0 15.098807177208004 0.5138633734309982 12.993488742748994 -2.5 -1.621477208233462 0.05580864094319377 -0.16700107453662308 0.03855187950189392 -9.224246832708758 0.1447278823017388 -0.02257773655443249 0.013010202877324357 -0.07381485172654038 0.010054145528679047 0.017396563973479336 0.0071138669779870906 98.53236559139783 101330.70967741936 1.181 0.05 25.744193548387088 0.6063833843120254 0.049529603396983514 0.10659264164819492 0.00929872209579148 -0.010978313850207836 0.0026827626773134193 -0.025142173526622572 0.00397357882883738 -0.0022488104071732625 0.001308333173485173 0.0017327500486285627 0.0007220477385892852 5.688792161783282 0.1682695436060593
15.0 15.20657175958167 0.5192648561858803 15.499460068187418 -2.5 -2.6136262885542116 0.08194700242937136 -0.1491752706150901 0.06450453991156918 -9.461363250213191 0.2632297920097831 -0.01932769018187734 0.034530809429735784 -0.15146261763095126 0.011945943162211098 0.01673827210311174 0.012658222407931652 98.40936170212768 101328.25531914894 1.181 0.05 25.75 0.6131867188637896 0.05214120892844751 0.1693879503229716 0.014610296404856192 -0.009667982541736134 0.004252077692849454 -0.05086126672738823 0.005726619048857702 -0.0018979075041301327 0.003394225136870008 0.0016436362509812418 0.0012499872604624287 3.620013806735532 0.06230294905085208
15.0 15.265050376278282 0.519374557091357 16.49762345604845 -2.5 -2.893778344910147 0.08628270166868827 -0.14486573533508057 0.06191289186688106 -9.446022180396412 0.2744328164700383 -6.421662771560108e-05 0.03505859992992466 -0.1668964854921391 0.012441827182215622 0.01392176084869669 0.01275949485275733 98.73900000000002 101324.6 1.1810000000000005 0.05 25.753100000000007 0.607510980286994 0.051788132244214725 0.18611031029527628 0.015914249497415447 -0.009316887384200246 0.004051266972393325 -0.05561539847909283 0.006087363536330799 -6.257613427623866e-06 0.0034162984859711894 0.0013566112192747242 0.00124809825350027 3.26425214875596 0.04395999898384551
15.0 15.327501462427584 0.5194628498895785 18.483497835068412 -2.5 -3.327346510651106 0.08427279259734592 -0.10006082792561118 0.06226817270061482 -9.293347251210227 0.23726310779843846 -0.01498122931616705 0.05224788907196546 -0.18068225939435753 0.009916135221994153 0.017536936470057454 0.019188962395472145 98.85526315789475 101321.8 1.181 0.05 25.76000000000001 0.5928312480963711 0.04973637720624143 0.2122545226642128 0.017794308532381203 -0.006382973099059809 0.004004765316723217 -0.05971963239739018 0.005789659596196685 -0.0014479795833885825 0.005051236804217714 0.001694996146706248 0.0018596094945336269 2.793020571035048 0.03274795556949096
15.0 15.37375413396803 0.5226447289361017 20.485863268016796 -2.5 -3.7879515797690564 0.08936869267469429 -0.09663158690560315 0.07086658817522601 -9.404361966479428 0.22667585012776165 -0.034398080747124346 0.06069363775810353 -0.19315675439952795 0.010572885500407967 0.02340966925793378 0.02387050301255335 98.77947368421054 101320.24210526315 1.181 0.05 25.76000000000001 0.5963086763195775 0.04987749159075863 0.2401851822107532 0.020055006565238686 -0.0061271837349229155 0.004520205225546581 -0.06345916923809154 0.006156352020206158 -0.003304700210160287 0.005836977565489721 0.0022490190509522534 0.0023003563005026518 2.4827038488841486 0.026677428220855195
