# target_velocity,velocity,velocity_std,alpha,beta,fx,fx_std,fy,fy_std,fz,fz_std,tx,tx_std,ty,ty_std,tz,tz_std,dp,p,rho,rho_std,temp,CL,CL_err,CD,CD_err,CY,CY_err,Cm,Cm_err,Cl,Cl_err,Cn,Cn_err,LD,LD_err
20.0 19.94378558978597 0.5123301037630821 -5.299185030383159 0.0 -0.9116827092596647 0.025321980427597448 0.0558584204526867 0.04356298184422479 9.759780093476648 0.09759039401583272 0.0013249248526995177 0.006636182325181875 0.0714603036938228 0.008478712698888837 0.006081014241526502 0.0024080235369539986 175.3003370786517 101506.91011235956 1.18414606741573 0.05000124730170031 25.32 -0.3667508376027078 0.02466415876805093 0.03425900932669288 0.0024690476284026847 0.002099035254070921 0.0016429409425218376 0.013913571707664487 0.0018924650255801175 7.543595506316404e-05 0.00037787114842840536 0.00034622878129850383 0.00013902328180891176 -10.705237682309576 0.282303021029813
20.0 20.02955475506572 0.5093968177823192 -2.6898630352880533 0.0 -0.6296226657015617 0.022064860825712428 0.058030355399791594 0.04577390528258744 6.291630511734975 0.08584826310279133 0.0006496048550055846 0.004974555377998722 0.084879029913791 0.009845694750299904 0.0031106787525052126 0.002077949670664879 176.9211627906977 101507.32558139534 1.1842325581395343 0.05000178471666058 25.320000000000004 -0.23438789273314797 0.01582102240594664 0.023455911715661273 0.001754981687778442 0.0021618581528815867 0.0017112353137828413 0.01638381603820087 0.0021874223365025073 3.666716147745583e-05 0.00028080089005071065 0.0001755832938188538 0.00011786347701394681 -9.992700159109551 0.3550387603564603
20.0 20.03847199462765 0.5102459670684051 -0.0694986480485127 0.0 -0.4657458925065716 0.02297770323641613 0.07178211265533828 0.0374360463498215 2.2892965375130787 0.08249776116909303 -0.0007708156991020847 0.006951591009760056 0.07996234386587239 0.010251613880330065 0.0015192427339240774 0.0018833713096790903 177.1102298850575 101507.8735632184 1.1842183908045971 0.05000170693347444 25.32310344827585 -0.08521039889179287 0.006419092599781482 0.017335628055337643 0.0014306153770214658 0.0026718174567728075 0.0014045806090456474 0.015421220737697023 0.0022247745482824287 -4.3470752958564675e-05 0.0003920509478144843 8.56788797211063e-05 0.0001063653201231761 -4.915333821179705 0.3003017199283808
20.0 20.030239840313993 0.5089163453408232 2.5826065912104528 0.0 -0.4527945294367852 0.02229843806369913 0.07263353216685609 0.03406292725177974 -2.6422197522430455 0.08349407055282296 0.006893533846894201 0.007055176552512181 0.03484963566247 0.008176730013503474 6.264830782149257e-05 0.0017648130935526464 176.9535294117647 101508.43529411763 1.1839999999999995 0.05 25.32999999999999 0.09844563975179822 0.007210128352669571 0.016870529822009463 0.0013902267147323686 0.0027062300686870443 0.0012816737966430006 0.006727728915211109 0.0016399133183193895 0.00038915760997069445 0.0003991118621052712 3.5366571459578107e-06 9.962848516549662e-05 5.835361472961273 0.31693485770547775
20.0 20.054940823700857 0.5094466137073603 5.193131541727038 0.0 -0.5480119556721256 0.023376289463639104 0.08419502340780256 0.02774985974207556 -6.421650522514891 0.07639699388618451 0.0038067455041559824 0.004368199220354534 0.029414531587716 0.005421625666764913 -0.002189889711122405 0.0015416848749416209 177.42555555555558 101510.27777777778 1.1841999999999997 0.050001599974400825 25.32999999999999 0.23863294038143573 0.016017858661072807 0.02036450035512145 0.0016013801313809048 0.003128744850073106 0.0010517133287891284 0.0056635449741577965 0.00110891458925246 0.00021433526572277873 0.0002463546275506182 -0.00012329970380855993 8.718445583906511e-05 11.718084717036634 0.48259958767859884
20.0 20.04680351076004 0.5094948322125507 7.811636680105764 0.0 -0.8123768450099508 0.023558622411133958 0.08643519590090286 0.02636977748245625 -10.269879372305393 0.07280800863890635 0.0008438770223848395 0.005283096798793335 0.017037240282203 0.004243980168820409 -0.004105230175707759 0.001993899349159366 177.24999999999997 101508.31764705882 1.1839999999999995 0.05 25.3344705882353 0.3820101700015781 0.025389608503403743 0.030218097546936655 0.002180748440228374 0.003215142328668992 0.0010036282037656143 0.003283609639603473 0.000846241748665964 4.7560324461150817e-05 0.0002977682638700642 -0.00023136792917123494 0.00011341017568529822 12.641767715794014 0.3436171213284856
20.0 20.046272878619288 0.5083681393845676 10.42008568055821 0.0 -1.5688528165487032 0.041271587879530565 0.08940422417507544 0.034556830359018076 -13.812114908222728 0.09191361251487859 -0.0010086159665136365 0.006369977373450984 -0.0197049002745095 0.008056709527948552 -0.005403661259261294 0.0030300821835829274 176.68382978723403 101508.06382978724 1.1839999999999995 0.05 25.34000000000001 0.5137984109999199 0.03408190914047932 0.058359931812874986 0.004146375690176534 0.003325757758537585 0.0013040881074100718 -0.003797952303124818 0.0015729627424289018 -5.6847906694133436e-05 0.0003590461222394397 -0.0003045627288005424 0.0001719612104498695 8.803958384450494 0.21975210212529972
20.0 20.072877998328796 0.5096965764281031 12.997093424285715 0.0 -2.80263738658621 0.08318824225109503 0.11217597205998904 0.05642563476262665 -16.463440248083906 0.21615756959657537 -0.014943988744160896 0.019661852187274193 -0.1363522226209501 0.016340546214229167 -0.011164081157960888 0.011635411992705891 175.66647058823526 101510.95294117648 1.1839999999999995 0.05 25.340000000000007 0.6108029861351781 0.04113208775941906 0.10397943922930586 0.00752932830241657 0.0041617922909418644 0.0021113928491976923 -0.026211113582156217 0.003586636315953873 -0.0008400461699008198 0.0011066431206510228 -0.0006275662928929452 0.0006553732942811239 5.874266976841203 0.14990215042655353
20.0 20.299747675876564 0.5136256621769136 15.510726347934833 0.0 -4.681264962845733 0.13214362049748948 0.12298189431738223 0.09702722701710695 -17.284187492138564 0.4229522671239944 -0.04290229569165239 0.05336450795242367 -0.28072601850872503 0.017700972946899974 -0.002222299626328157 0.018560784099502063 176.84113402061857 101509.48453608248 1.1839999999999995 0.05 25.3480412371134 0.6269999975139541 0.044081860900415805 0.16981724604650592 0.012175979231095696 0.004461282745650156 0.003532013973251444 -0.05276475519680121 0.004812877419632129 -0.0023580617118395576 0.0029372166779815297 -0.0001221454371286571 0.001020198020051363 3.692204485180761 0.05765382933521844
20.0 20.36764638400565 0.5168993305870343 16.501509151032952 0.0 -5.141520170798825 0.13654223028155546 0.13711213662168234 0.10993935496069991 -16.991372402465746 0.42137289009012663 -0.044901907197931606 0.08366807242768627 -0.30437150686307113 0.01636557583069602 -0.00046455099904746806 0.028747711506774958 177.25709677419354 101508.6989247312 1.1839999999999995 0.05 25.34999999999999 0.612275125042302 0.04318434640847925 0.18527196220044795 0.013185424289914689 0.0049407633831081875 0.003975015678987692 -0.05682832330417239 0.004838976477169359 -0.002451540146112873 0.004570949977480777 -2.536340870915551e-05 0.001569559365781928 3.3047370890360313 0.04475853873535552
20.0 20.435077983204344 0.518241931586784 18.490008023557625 0.0 -5.966255037952701 0.14288376114027293 0.12710148716043232 0.11374940522952522 -16.78387451668158 0.40704823543458074 -0.030596351950488328 0.09489139936418077 -0.3326127821569695 0.01627880405367427 -0.0034026076534868824 0.03537355582444074 177.11193548387098 101510.16129032258 1.1839999999999995 0.05 25.35408602150537 0.6008132128338637 0.042245874283628054 0.21357433615079943 0.01499512290124478 0.004549858423984438 0.004082950922808578 -0.06169200384266466 0.005069000055848359 -0.00165948359486705 0.005147880807340217 -0.0001845504846416969 0.0019186280321418215 2.8131339357629783 0.029193213534069052
20.0 20.5012434396846 0.5177182993474722 20.487987428288378 0.0 -6.792258827633555 0.15835846879372922 0.0916240941645517 0.13940337564666058 -16.839311576008463 0.4037227186255908 -0.008401584300670437 0.12096625784157326 -0.35638693019745843 0.01808054652665703 -0.007048892178925306 0.047821506428677045 177.0167391304348 101512.05434782608 1.1839999999999995 0.05 25.36000000000001 0.5989130513561304 0.04196244578269715 0.2415759362665635 0.016871927574203378 0.0032587357010493917 0.004962710328135904 -0.06567557809195416 0.005458600033760624 -0.0004527481645722107 0.006518749532873055 -0.00037985371354557206 0.0025771471056482195 2.4791916803140044 0.02560019556752599
