# target_velocity,velocity,velocity_std,alpha,beta,fx,fx_std,fy,fy_std,fz,fz_std,tx,tx_std,ty,ty_std,tz,tz_std,dp,p,rho,rho_std,temp,CL,CL_err,CD,CD_err,CY,CY_err,Cm,Cm_err,Cl,Cl_err,Cn,Cn_err,LD,LD_err
15.0 14.953136339901896 0.5151036652827816 -5.292257902390008 2.5 -0.5782500441583767 0.02381854120183407 0.20046654929180688 0.028411282087631638 5.35418387142507 0.07744750935264069 0.006462726436052432 0.0032589108223085553 0.04231010208605952 0.004908118065576857 -0.014925824516020328 0.0013904897286282992 97.83989247311828 101384.02150537634 1.1830000000000005 0.05 25.393870967741933 -0.3582576746988935 0.029416905778370396 0.03869170749258825 0.0035100149995299593 0.013413562464204014 0.002188474866271158 0.014668610793072263 0.002073925287428558 0.0006552002561879637 0.00033461026019870123 -0.0015132009908633193 0.00018663218430490218 -9.259288305317646 0.36997889940925954
15.0 15.020491089448177 0.5123907987851972 -2.684501955837458 2.5 -0.41670999229935307 0.021931235232934818 0.20653951264147952 0.027870640068678027 3.4354483837511465 0.07175420295471575 0.008421029932730827 0.002896654911683459 0.04962976052873471 0.0055301758144605485 -0.016829207973953497 0.0011122605153435403 98.78546391752576 101385.10309278352 1.183 0.05 25.3960824742268 -0.22781481928059752 0.01889261765832713 0.027633281302407407 0.002652069306272686 0.013696250529994777 0.0021503618265262432 0.017052317655401814 0.0023416646398307477 0.0008460963452068866 0.0002988558409891924 -0.0016909014067440903 0.00017579785419983115 -8.244218874605757 0.4455692382015717
15.0 15.022149755850062 0.5163804584234473 -0.06344173981131382 2.5 -0.3208572447136026 0.022871606472892787 0.20487636190425143 0.027081347190270406 1.1732449490017502 0.07069873432631854 0.011323490709823787 0.003924150356580431 0.049346012645908176 0.004948850911650507 -0.01826561099091924 0.0011623154622538666 98.83530612244898 101386.8469387755 1.183 0.05 25.389999999999997 -0.07778418872174127 0.00783421725176535 0.021272301659406977 0.0022905102599028683 0.013582962034094623 0.0021036229105954895 0.01695108064133146 0.0021820628728013284 0.0011374675761975134 0.000404736146928124 -0.0018348176188799018 0.00018856817098935276 -3.656594851236691 0.34130750040362223
15.0 15.031154658739517 0.5130574693539668 2.589620107444178 2.5 -0.30720489028077597 0.021333329129686315 0.21278394603226372 0.024226630294006613 -1.6165276351699291 0.0670096186402877 0.0075063301532844 0.0028904603260332014 0.01479530541535983 0.004032369053960768 -0.0193329450408563 0.0009821371199855483 98.97104166666668 101383.13541666669 1.183 0.05 25.392187499999995 0.10704472092374606 0.009672562329219404 0.02034277734018377 0.002159495915041086 0.014090323991079037 0.001963044564241948 0.005076317138145143 0.0014423060541472177 0.0007531228899433506 0.0002962418940659468 -0.0019397073060948287 0.0001842962825074355 5.262050463104516 0.4017519091808416
15.0 15.03944968561328 0.5092221284271965 5.201190998678845 2.5 -0.36891710654889154 0.0219122456506643 0.22253017326421293 0.023273907029188107 -3.757064734130128 0.0684392130621078 0.013682993709867856 0.002518978393623373 0.012375561809138586 0.0028312636744614946 -0.020433971481982397 0.0009554461868966071 99.07947368421054 101381.97894736842 1.1830000000000005 0.05 25.389999999999983 0.24851442097132212 0.020347772565762322 0.024402353328532748 0.0024280057614009557 0.014719458159724232 0.0019366407833208308 0.004241412694658747 0.0010277159645992163 0.0013713241019954515 0.00027516599475525393 -0.0020479142347717117 0.0001894559172223602 10.184035024226276 0.5872492386416187
15.0 15.022942817438649 0.5121562154777534 7.815181215120681 2.5 -0.5185141747501317 0.02267924350441499 0.23553529447139887 0.022624010110208783 -5.8281525821594915 0.06527904318342115 0.013718302694066943 0.002597273318240479 0.008235288895715164 0.0020544942390227135 -0.022210530789975667 0.0009660830418881089 98.86157894736844 101383.08421052631 1.1830000000000005 0.05 25.389999999999983 0.38635602781303097 0.031294290861639096 0.03437299797785742 0.0031406478939268703 0.015613949617637504 0.001954028738621579 0.0028286441075248536 0.0007412603241321568 0.0013778858016405514 0.00028332497860200406 -0.002230857249974778 0.0002035743988263738 11.2401027126559 0.4643004001004735
15.0 15.038484216352437 0.5120106292501156 10.42237144252806 2.5 -0.9463066038353481 0.029316797861263205 0.24573916800949946 0.024822230941902362 -7.809019325790784 0.07656685941841682 0.01770125928464322 0.0036593400231919146 -0.013154859186024546 0.004184200051642527 -0.02378448526391153 0.001717130627155221 98.773 101379.86 1.1830000000000005 0.05 25.391599999999997 0.516600921475903 0.041711203083984294 0.06260233752085999 0.0053790126617995005 0.01625672512003594 0.0020961842608953696 -0.004509076188218894 0.0014790405255117418 0.0017742667215605245 0.000393388995835434 -0.002384012347065933 0.0002571558438839966 8.252102747820945 0.23478181464058373
15.0 15.03211921047652 0.5165898748648386 12.995100770718393 2.5 -1.6338995200909598 0.05831855438119635 0.2830764244370624 0.03490653345928199 -9.188278652146948 0.16473607931581513 0.006277280655946059 0.011196887381954063 -0.07505205856083988 0.009686406744064124 -0.03212680834121699 0.006281826828531887 97.85125 101383.57291666669 1.183 0.05 25.394375 0.6083598478858396 0.05028390955682966 0.1081811839991404 0.009544721563092324 0.01874261077948036 0.00276198103735957 -0.02574729949817232 0.003918965034897739 0.0006297294381315077 0.001124407255664608 -0.0032229237586357583 0.0006817321004812605 5.62352735842375 0.1647426548008385
15.0 15.217058239076335 0.5198126299933291 15.506541215817107 2.5 -2.6763227353742267 0.08446170407513541 0.26018730911113197 0.060236750698695926 -9.624835398521558 0.272022444252613 0.009341012114970803 0.028623928337154672 -0.1576375920506241 0.011273724120603545 -0.022659057903999427 0.010550368703469927 98.71895833333332 101381.69791666669 1.183 0.05 25.39395833333333 0.6218687210477208 0.052960157832511845 0.17291946590730886 0.014925177091445233 0.0168109211690666 0.004119609841436695 -0.05277252633856901 0.005676075440752232 0.0009144403934304643 0.0028031084426514965 -0.0022182133551982525 0.001048091389655054 3.596291012031376 0.061893841238364486
15.0 15.26433744024629 0.5171102440477805 16.498789153198278 2.5 -2.9232567373281593 0.08792421420064747 0.25515976803315593 0.0648339590696772 -9.483393280508897 0.27620799012942804 0.00492802954943244 0.034804947503094576 -0.1683838648768827 0.012870077166559564 -0.021954179827404465 0.012276613034011797 98.92312500000004 101381.04166666669 1.183 0.05 25.4 0.6089402098031504 0.051760874435570946 0.18770586838317427 0.016017406062878492 0.01638411885741127 0.004363824098882047 -0.05602141263125791 0.006192576953365349 0.00047944661741124037 0.0033863800570741193 -0.0021359160189084944 0.0012065056702266522 3.244119190563011 0.04671168096417139
15.0 15.309308335047842 0.5200998457258448 18.486601656301684 2.5 -3.3791955793240196 0.08597094508814036 0.21160255999388095 0.061978223833118594 -9.346614682765864 0.24763635184256835 0.030992239680024507 0.045372666327004374 -0.18333824594083442 0.010200020967974314 -0.029684845008449146 0.01708264956145263 98.77430107526884 101377.3010752688 1.1830000000000005 0.05 25.40000000000001 0.5966367587473334 0.05029099128847927 0.21570936280691713 0.018112168494182755 0.013507550040570115 0.004101336132460261 -0.06063891620204481 0.005909796313732584 0.0029975379770236406 0.004394948392468155 -0.0028710880908758064 0.0016681127268913867 2.7659288914658138 0.02882290374900174
15.0 15.383746864411641 0.52412431802887 20.483393441200704 2.5 -3.8275417085546093 0.08414425221386444 0.19678873180218823 0.0704326896957045 -9.38463764829942 0.2146043089986417 0.0482708158130965 0.054288970630650406 -0.19412632647774133 0.011162001743793793 -0.037447758421245474 0.021583653740718963 99.084 101377.09 1.1830000000000005 0.05 25.40000000000001 0.5932804889504377 0.04946819168762543 0.24197053753492156 0.020118098112689286 0.01244064175932196 0.004563004920840111 -0.06358719751239762 0.006274069154159357 0.004623631998036174 0.005213281645465539 -0.0035869427763891813 0.002087306058280415 2.4518707731713603 0.023997553080524633
