# target_velocity,velocity,velocity_std,alpha,beta,CL_alpha,CL_alpha_err,Cm_alpha,Cm_alpha_err,SM,SM_err,CY_beta,CY_beta_err,Cn_beta,Cn_beta_err,Cl_beta,Cl_beta_err
15.0 15.03550936460701 0.5114590029058191 -5.288051961971142 5.0 nan nan nan nan nan nan 0.2915868406991567 0.03861185143099303 -0.047100034105408056 0.004299308956655636 0.0205905948924332 0.005354017066284211
15.0 14.953707784847055 0.5193313364878671 -2.684065712978147 5.0 3.073343279272471 0.3335766998739744 0.025010611408954705 0.03298715143701843 -0.008137916638741142 0.010769594335001298 0.2802623191866897 0.03794118960397253 -0.04644747345692432 0.004229177626634686 0.022665133868253723 0.0050254505514757694
15.0 15.045607710855878 0.5158582118387149 -0.06227094490374981 5.0 3.6377691212293186 0.23057635777239896 -0.13010208653729002 0.029877061543942474 0.035764250616686845 0.008520117810557934 0.27546982912724716 0.03717009357266814 -0.04661834238501075 0.004263244926240175 0.028163027231908517 0.006416460490184389
15.0 14.941042255082499 0.5260362931892547 2.586814768445175 5.0 3.551156201213145 0.23729426969415365 -0.1383212027370959 0.026249825718256087 0.03895103310010487 0.007836757004468219 0.28237071224314164 0.036829316412614645 -0.04611253811698082 0.004358229817424845 0.023886731065970272 0.004985861345075389
15.0 15.056513899665399 0.5147112624834504 5.197553974878814 5.0 3.0625149577774406 0.3591430971168194 -0.024644660300831015 0.017780498371094734 0.008047196712703205 0.005882044563562059 0.29073074278727346 0.03669377901246967 -0.04714394106407247 0.0044857575861463024 0.02794608136522821 0.005393308741224034
15.0 15.035036939411121 0.5146015898174531 7.81094892071917 5.0 2.94190656471935 0.5092866513859555 -0.09602542701922266 0.01976415960498953 0.03264054275917605 0.008778508930905904 0.31195017967244054 0.03721314939229421 -0.048683174686935275 0.004574103619415314 0.03499036099969511 0.004870544909807386
15.0 15.047467595849254 0.5110957138464219 10.417136117567384 5.0 2.4556137965903013 0.6551146163667926 -0.3160823149156751 0.04411680450787512 0.12871825176848475 0.03875546162957449 0.3238459969990135 0.0393477656533103 -0.05043462700827168 0.005255259732493006 0.03985139902678949 0.006274283126414438
15.0 15.109979363377262 0.5174127887499774 12.987530685546284 5.0 1.186309840749553 0.7597147405892206 -0.543902371805767 0.06610219049693786 0.45848255921244824 0.29885345988243467 0.3430136125736586 0.04997682103110027 -0.057916474276052614 0.01259970135087886 0.043189084359407555 0.01939404462916703
15.0 15.221429618163725 0.5183793368064158 15.496314138847744 5.0 0.009490652370315612 1.1800990400489293 -0.49507225576940683 0.11984219667345326 52.16419656438677 6486.280662506909 0.30037504427439055 0.07115209662089697 -0.05267587704883197 0.017439326506459792 0.08973947806060069 0.04629820996345371
15.0 15.266280166118772 0.5199841043698602 16.495313830027868 5.0 -0.48511933818708997 1.4041791616630646 -0.1512422141036731 0.15754318765162198 -0.31176290491504877 0.9590550408767238 0.273766873799145 0.07471013474284718 -0.05478101657804776 0.02519098371660072 0.08310296972132483 0.07134456399141555
15.0 15.318062079229783 0.5217427417835556 18.485309386570197 5.0 -0.22517566321830437 1.0295300436229284 -0.10879061283410661 0.12675974193779596 -0.4831366377663814 2.2795604056598147 0.22019272628417352 0.07150226374882288 -0.06241188299441281 0.02977810760058515 0.09691762738142853 0.07783843896638096
15.0 15.36358930252303 0.5223709521401667 20.482769596233144 5.0 nan nan nan nan nan nan 0.1787123100517434 0.082224616371468 -0.08024283477171819 0.03718400673890099 0.14880297643618354 0.09153126426884162
