# target_velocity,velocity,velocity_std,alpha,beta,fx,fx_std,fy,fy_std,fz,fz_std,tx,tx_std,ty,ty_std,tz,tz_std,dp,p,rho,rho_std,temp,CL,CL_err,CD,CD_err,CY,CY_err,Cm,Cm_err,Cl,Cl_err,Cn,Cn_err,LD,LD_err
20.0 19.967006482795355 0.5112930373256173 -5.298354781654749 -2.5 -0.9033564468494171 0.027438056754556583 -0.36222738993445935 0.042396150991572935 9.72121153297186 0.10495341878506685 -0.020154789297101842 0.005622410409677078 0.07335645168570644 0.010529354910300198 0.03573095540859406 0.0022371255066217124 175.09315789473683 101279.77894736842 1.1800000000000004 0.05 25.76000000000001 -0.365732892256809 0.024628992039680154 0.0339862130275103 0.002483752847545665 -0.013627773711746905 0.0018343083747366464 0.014299624522195393 0.0022619250848540167 -0.0011488886889804456 0.0003294684183211833 0.002036780931334336 0.00018598789940646557 -10.761213435600041 0.31059633421623817
20.0 19.994243127929348 0.5108514726871592 -2.6887836725250946 -2.5 -0.6195310241833516 0.023530535879680382 -0.3227010438915348 0.054368934156306926 6.211786907334253 0.09385562223553823 -0.02119814832775375 0.006383954708069955 0.08719094230302257 0.011117144838488307 0.03615669857668304 0.0021315373395803423 175.65979591836734 101277.72448979592 1.18 0.05 25.757857142857148 -0.23306451545656492 0.015867135387604304 0.023244631555393545 0.0017777551994962169 -0.012107653329689667 0.0021925365813792166 0.016950154829124806 0.0024365682701931236 -0.0012050736725455085 0.00037162748624209604 0.002055438280138755 0.00018248408419110912 -10.026595384020448 0.38615919574467783
20.0 20.006172987642397 0.5117404154782954 -0.06795175044787904 -2.5 -0.4591468606793534 0.023093460825125287 -0.3358828342867782 0.042923087523520885 2.223183882304129 0.0878558481682462 -0.03633149779320726 0.007430452979507566 0.08142201690177557 0.009693543793041362 0.03389375269348662 0.0018645743609292263 175.90541666666664 101273.72916666669 1.18 0.05 25.75927083333333 -0.08331378988865455 0.006439623775547627 0.01720652321346849 0.0014336618742327438 -0.012587205271554896 0.0018128802415189427 0.015809788225288807 0.002155371639232896 -0.0020629128079700902 0.0004435997782248496 0.0019244969458604843 0.0001659869902901094 -4.841988637393072 0.30971353356332987
20.0 20.035014617006574 0.5126103210694803 2.583840583073963 -2.5 -0.4504980891754927 0.02288266535832732 -0.3235055605984432 0.033449315779310936 -2.6750380427266154 0.0800928115172359 -0.023274982443578267 0.006009196057635083 0.035323460761547014 0.007828761664318855 0.03250705824840206 0.0019316852479100187 176.44291666666672 101269.40625 1.18 0.05 25.752916666666664 0.09995860355572019 0.007284253090418732 0.01683383906294026 0.0014078186018214693 -0.012088487551739692 0.0014856941444143623 0.006839055922612764 0.001582382624227584 -0.001317757947501819 0.0003513060772889401 0.0018404496957442498 0.00016404940790898013 5.937956468633427 0.3278485063200377
20.0 20.093825686516574 0.514101464783658 5.193384130795751 -2.5 -0.5429735006624359 0.02315158777608952 -0.3179734732368207 0.02913407036195185 -6.432049247698749 0.08415474362176925 -0.02795798666868256 0.004582524573783436 0.03248476336706446 0.006537619726303645 0.031091660279550234 0.001785734044108271 177.49315789473687 101268.33684210526 1.1800000000000004 0.05 25.75 0.23894263295683363 0.016179471826933727 0.020170790502030054 0.0015923281298120568 -0.011812319212701664 0.0013368725824867336 0.006252686904959458 0.0013251589922591114 -0.0015736431002912 0.0002783147798517074 0.0017500250377584768 0.0001536892830771078 11.845972666900966 0.4824713974040932
20.0 19.991643026611648 0.5105898669185347 7.809812135410634 -2.5 -0.7875041592931056 0.02394965540224821 -0.31042589282343414 0.025209593271224417 -10.119328244068639 0.07955259772460989 -0.03501201237357342 0.004895841293993558 0.02242351268182124 0.005426871741172343 0.029993294865156155 0.0016203816210658836 175.67 101266.54736842106 1.1800000000000004 0.05 25.75 0.3797731454603323 0.025380849469277097 0.029554623036676022 0.0021576002480791904 -0.011650122904056271 0.0012218572272471844 0.004360325449435882 0.0010942323350740342 -0.001990882851788914 0.0003081561356525114 0.001705504264609438 0.00014595110979145464 12.84987275896059 0.3618990562067675
20.0 20.141616885749716 0.5081845696248353 10.417681597581625 -2.5 -1.5648199016307283 0.03773142833670009 -0.29336575086542666 0.028302003310833834 -13.816982919932311 0.094843600349911 -0.03542462836679483 0.006064587126187491 -0.011248454977800505 0.007209240721633261 0.03024649131552569 0.002831064328048373 177.76999999999995 101265.35 1.1800000000000002 0.05 25.75 0.5108508303612174 0.03384326788784444 0.05785557894557578 0.004059463545182763 -0.010846516804544144 0.0012671829841098094 -0.002154847043588002 0.0013883414941689427 -0.0019844595466409305 0.0003640289299178783 0.0016943844215384705 0.00019395117306677907 8.829759198188476 0.19764590555145478
20.0 20.14900853507429 0.5109169150325551 12.99440670449113 -2.5 -2.7974352852603843 0.0882143746755419 -0.2952514569263155 0.0534106656677804 -16.443355327395217 0.22772123869146194 -0.0360669698364165 0.022180752764151636 -0.13230725504522992 0.017199173522412774 0.032391380656242044 0.01280464200024929 176.39499999999998 101262.96875 1.18 0.05 25.75 0.6075088721943243 0.04101987866892611 0.10335279639391916 0.0075679022987645995 -0.010908228645537065 0.0021008401680305253 -0.0253272789425098 0.003693429720572926 -0.0020189608813914383 0.0012487849444158408 0.0018132083381504737 0.000726726757654578 5.878010981714158 0.1598370977360696
20.0 20.289229761567206 0.5129502841838737 15.511958014837978 -2.5 -4.632814449288671 0.13683515810731292 -0.25351971633978654 0.11342866877691545 -17.24939407801876 0.42441931434292574 -0.06366979588616334 0.06539026852054892 -0.27385004721785916 0.018108007137400163 0.032387718112479744 0.02379503354658662 176.07729166666664 101261.0625 1.18 0.05 25.75 0.6285101107473158 0.044253357397465116 0.16880423216168003 0.0122013338145414 -0.009237408819849332 0.004177646633639992 -0.05170040384543131 0.004829082469663867 -0.003515021181427002 0.0036174434368060606 0.0017880301577689465 0.0013189387630412228 3.723307779068781 0.06573684367869218
20.0 20.351388144192814 0.51849456367495 16.505291152928752 -2.5 -5.117682426338029 0.14301542002742487 -0.2064847562584632 0.10669839281705568 -17.034988413051817 0.431879129307023 -0.08542068438080162 0.08313173823505828 -0.30289365704547383 0.016721184361077612 0.03905574494884438 0.02900717734870879 176.365 101258.49 1.1800000000000002 0.05 25.7447 0.6169121345266521 0.04377269489890026 0.18533387360820192 0.013329534069616598 -0.007477724589059663 0.003895667143312289 -0.05683480052531028 0.00490210083742675 -0.004687060737505627 0.004572028976265057 0.002143001429345892 0.001597956676143894 3.3286528928371286 0.050831146571464196
20.0 20.436006073274864 0.5185560384932009 18.489834940363455 -2.5 -5.931165522019123 0.15015195199300727 -0.17481169044342615 0.1054504737681489 -16.722782929035258 0.43010595309189364 -0.0465615297030632 0.09107369070947488 -0.32861849815292976 0.01729629822552475 0.036149521857322994 0.033904922868843425 176.52052631578948 101260.02105263158 1.1800000000000004 0.05 25.748315789473686 0.6006010002451171 0.04260650943624157 0.2130186082221391 0.015080507204775558 -0.006278385396761145 0.003809946611077943 -0.061152215555936015 0.005167712946505028 -0.002533732739021845 0.004958775444342883 0.0019671438548948548 0.0018495778788529221 2.8194766891857688 0.02990094126131774
20.0 20.49404903939757 0.521816391722126 20.485529680883026 -2.5 -6.712286507854373 0.1402327103676157 -0.17691578082761883 0.12894946388698447 -16.68626533826503 0.35678656450976554 -0.06363686878578213 0.10779252595510584 -0.34712968134489086 0.01620821780053284 0.043986409772982994 0.04281198173564992 176.32729166666664 101258.94791666669 1.18 0.05 25.74375000000001 0.595899674223394 0.04148196380564444 0.23970908182504017 0.01665099670814208 -0.00631801388884764 0.0046240232669820655 -0.06423155607176159 0.00520586260086935 -0.003443331768836996 0.005837012299455804 0.0023800637124093364 0.0023218762470090986 2.4859286502058007 0.02323307309438707
