# target_velocity,velocity,velocity_std,alpha,beta,fx,fx_std,fy,fy_std,fz,fz_std,tx,tx_std,ty,ty_std,tz,tz_std,dp,p,rho,rho_std,temp,CL,CL_err,CD,CD_err,CY,CY_err,Cm,Cm_err,Cl,Cl_err,Cn,Cn_err,LD,LD_err
25.0 24.982381935695155 0.5081702013436938 -5.298027108284701 2.5 -1.4682897671112287 0.03103259031779841 0.6497717847060804 0.06206732759999675 15.21432628436329 0.136834480615488 0.03154086052354027 0.009568447157800558 0.11362884589371705 0.012794592364685622 -0.04617478898675712 0.0036352885611996883 275.923125 101337.34375 1.1810000000000005 0.05 25.60854166666667 -0.36533114086520585 0.02170066500949096 0.035257031150354425 0.0022001536159373734 0.015602522449690421 0.0017494228253876034 0.014137260282328971 0.0017952761542220457 0.0011475287356227531 0.0003545823541165682 -0.0016799445653701956 0.0001649916293665152 -10.36193714970619 0.20394711746802435
25.0 25.049310546765078 0.5052342118092382 -2.6881560450032036 2.5 -1.015984087790206 0.028807868347036837 0.6189254406002324 0.06609001140193092 9.725899069416016 0.11358084669762561 0.029738548976231256 0.009653186679564121 0.1312378156995583 0.01719889333275034 -0.04929601583577671 0.0034037315149781444 277.566875 101338.66666666669 1.1810000000000005 0.05 25.61000000000001 -0.23229499845159418 0.013852361590637761 0.024265933711179376 0.0015770348758682596 0.014782518638096043 0.0017997093685289637 0.016240963307704866 0.002330684487282766 0.0010761825343828784 0.00035495430551401214 -0.0017839307257232517 0.00016141497051099112 -9.572885231470623 0.27638115238979283
25.0 25.03543275900547 0.5084336804410573 -0.05910769746182596 2.5 -0.7458421227347405 0.02416317949751788 0.5872194806725567 0.05694825369370946 3.0308806500858454 0.10502840220524091 0.03378572607071345 0.011081902476691234 0.11498239255258082 0.016829540900830636 -0.05263881552507807 0.0038855129839072463 277.32104166666664 101342.33333333331 1.1810000000000005 0.05 25.615625000000005 -0.07247033747738332 0.0049380902461087775 0.017833572673969747 0.0011952152895627734 0.014040801618641307 0.0015914613424310056 0.014245099295976928 0.002246269690658902 0.0012239981732970373 0.00040784998827566004 -0.0019070128583995448 0.00017981389612304046 -4.063702702889283 0.19277510852087695
25.0 25.052752236635488 0.5065244143598447 2.577320646776368 2.5 -0.7320588890669981 0.024544123772486638 0.6057168597076572 0.05088022555278915 -3.8515038001305695 0.11112455714505363 0.050472851892843396 0.01042538792962486 0.07771319068711832 0.013804934091302717 -0.05357534118435766 0.0037053708318127558 277.74127659574464 101339.75531914894 1.181 0.05 25.619999999999997 0.0919646872959487 0.006002409891611597 0.017479813161026547 0.0011792900384847648 0.01446306805954866 0.0014808617563565477 0.009614533101994992 0.001798286363654195 0.0018260164129101817 0.0003920293891115323 -0.0019382588591902266 0.00017563349609450526 5.2611939526330636 0.209903018707106
25.0 25.058474447195938 0.5064451237672037 5.195765296978343 2.5 -0.887976065173421 0.02655940995572905 0.6438304787468082 0.04450529297867152 -10.133872803782687 0.09468355175060036 0.04879540522956453 0.008379435100176635 0.046896532089471 0.011991890978777762 -0.056864906135603514 0.0036741082454460035 277.86999999999995 101337.0202020202 1.1810000000000005 0.05 25.630000000000003 0.2418621159387851 0.014336490153481707 0.02119305957202003 0.0013930943877142592 0.01536610976974754 0.0013918557202629955 0.005799303247208523 0.0015212939471153407 0.001764523280132002 0.00032013369361679535 -0.0020563298988241436 0.00017927715633755302 11.412326526845687 0.3268216941009952
25.0 25.04695286344698 0.5057139578981565 7.813819865271908 2.5 -1.2947256568917591 0.027478183981189404 0.6681988291909664 0.04171042716952243 -16.103324896719272 0.10765151089705498 0.049807980916741434 0.00924200436440117 0.029403830851982834 0.01082527682196894 -0.06350128704342102 0.0042459359494839526 277.61042553191487 101336.84042553192 1.181 0.05 25.63000000000001 0.384686913853228 0.022653320710207592 0.03092926587712049 0.0019249566598822478 0.015962377154433573 0.0013656555508347067 0.0036394726862061335 0.0013567176793495258 0.001802797134264894 0.00035074884147066285 -0.0022984255976040363 0.00020420879610438139 12.437634807808195 0.23463305739262402
25.0 25.077504686396672 0.5089398422638691 10.422790804302247 2.5 -2.4937881670934727 0.05481005637669891 0.6952007101485171 0.0447176531421359 -21.699723330865563 0.1580892764014191 0.05434033864564562 0.009973318669370198 -0.029074046390338577 0.01122744404479239 -0.06570627150211517 0.00459139727555701 277.4215463917526 101339.35051546391 1.1810000000000005 0.05 25.632164948453607 0.5171150895217841 0.03056230295227566 0.05942819968771778 0.003722206750774441 0.0165669751628911 0.001442127676543829 -0.003589890354048097 0.001402195957617655 0.0019620560925865983 0.0003780448547340623 -0.0023724436309195645 0.0002164365365286081 8.70151026346265 0.17145054956876735
25.0 25.20212913967269 0.5117182783411173 12.997391476699308 2.5 -4.40185836865636 0.13957753825277996 0.7858215980050791 0.08052744545129112 -25.902024882415407 0.35253589340574787 0.03130009572693211 0.03299488841423368 -0.21186159789282755 0.026497381264037535 -0.08484279708031042 0.020604473806643892 277.91736842105263 101338.67368421052 1.181 0.05 25.639999999999983 0.6111684200790907 0.036806169770977726 0.10386357193294297 0.006926204978939609 0.018541768324948214 0.002189401081254891 -0.025901333498454967 0.003578122043987335 0.0011189969931620876 0.0011814120469891397 -0.003033180334417909 0.0007578092475684145 5.884338548203185 0.16244615401639356
25.0 25.364842291257858 0.5132561963404072 15.51693751150947 2.5 -7.318714199984947 0.18013537685326195 0.7631385677516748 0.14673307271339714 -27.244148645302186 0.522401212828388 0.05386159667787956 0.07420920639230183 -0.42835561333497163 0.025991590964006595 -0.07162495412593581 0.02844652249280463 277.079375 101336.9375 1.1810000000000005 0.05 25.64375 0.6346153359505728 0.0391095413189373 0.1704794791431501 0.01083052345370584 0.017776273535127615 0.0035729962289293804 -0.051699277663061004 0.004359939917169775 0.0019009583859072971 0.00262145985923543 -0.00252788750397073 0.0010148321058450083 3.7225321143648733 0.061984501726168255
25.0 25.446252541153335 0.5153676416094389 16.512667734136993 2.5 -8.159219953003571 0.21352367746154757 0.7189409240811491 0.15469004747322537 -27.045191924209497 0.6576199892777008 0.0673062528466773 0.09022681887870233 -0.4800639518863626 0.02738583178525934 -0.07210415017853886 0.033344460551438575 277.51062500000006 101338.75 1.1810000000000005 0.05 25.649999999999995 0.6259563597722048 0.03970969628757091 0.18884375583931587 0.01211846833100648 0.016639765211880816 0.0037106542218262126 -0.05756993981649557 0.004707890168247464 0.0023602905395531783 0.0031670881640788492 -0.0025285428371210903 0.001178669496576036 3.3146786187880157 0.04452085198239072
25.0 25.532072185820823 0.5164882568577206 18.492319504121053 2.5 -9.394516989253798 0.23202358062623216 0.606211398467954 0.17357915245405164 -26.25751991857149 0.6678323514963637 0.12453344203896097 0.14663325902963636 -0.5158638034671273 0.026034762922760673 -0.09158437414355464 0.05368692886636443 277.2929166666667 101338.76041666669 1.1810000000000005 0.05 25.65447916666666 0.6036472561767348 0.03853973118530501 0.21597524904314333 0.013726328974901556 0.013936496991455013 0.004073097995165836 -0.061447932379646616 0.00475033431558462 0.004337820568608588 0.00511392701676881 -0.0031901196611811766 0.0018793619331490432 2.7949834939472615 0.02820225515781602
25.0 25.626645275804144 0.5191728079309528 20.490118496060152 2.5 -10.703464576969902 0.2261947779142404 0.5253192532900675 0.19063876160356988 -26.35944055036651 0.5853727470565842 0.1472934544873543 0.14595886261111612 -0.5530681781926318 0.026807867836251286 -0.1090041511617611 0.058051975915855744 277.386 101338.82 1.1810000000000005 0.05 25.66 0.6015258954904723 0.03769658684614439 0.24425446747286322 0.015215983293436137 0.01198785435714797 0.004406757364627637 -0.06539424076712333 0.004973231777594769 0.005092812086943919 0.0050554842841633845 -0.003768922797661315 0.002019317598908015 2.462701713152092 0.021020685298557606
