# target_velocity,velocity,velocity_std,alpha,beta,CY_beta,CY_beta_err,Cn_beta,Cn_beta_err,Cl_beta,Cl_beta_err
20.0 19.93849460557994 0.5111720121760205 -5.2943541505416025 5.0 0.29471323828333107 0.03294118980031778 -0.04718093893539507 0.003860192234397558 0.018916930673545412 0.005975629144392405
20.0 20.076603658094925 0.5147907486915465 -2.686427364950229 5.0 0.2829745382616374 0.03276625282024165 -0.04612823794037408 0.0037221143452999513 0.021956942742855166 0.005202418142458145
20.0 20.00123893780099 0.5132408973863931 -0.06528737559377118 5.0 0.2731817421038125 0.02979688609126244 -0.045594076634416066 0.003654371838290059 0.029879852253811786 0.006546241148783397
20.0 20.09965564024396 0.5114943759280577 2.584009317107147 5.0 0.2814609340051854 0.028928234857475078 -0.046071369071553084 0.003667439121218028 0.02158118896751818 0.006394561674827122
20.0 19.976598793228657 0.5116060559632348 5.194174522894025 5.0 0.29231257004243777 0.028138007015100948 -0.04731533864249198 0.0038006518311921853 0.030183634370858227 0.004798237126055249
20.0 20.075895052252857 0.5094193613304027 7.810102735629171 5.0 0.3108282747478759 0.028356548146265252 -0.0493222122920132 0.004187681062766531 0.036182725669930915 0.005485268737886898
20.0 20.093944231997668 0.5062113157405481 10.418032826534244 5.0 0.3235348865963462 0.031073480640607543 -0.05018550047700519 0.004539287292695224 0.043588503316110215 0.006296954225925452
20.0 20.127870562847637 0.5105638727532367 12.98907174582661 5.0 0.3470049884020548 0.041675253040621724 -0.05816764099619346 0.01152671162544294 0.04418671763300361 0.01791412854031133
20.0 20.301063661022667 0.5145471467956967 15.505247113135166 5.0 0.3131290287596049 0.06055051571505301 -0.055589269187847574 0.016207957193943093 0.08601109954146322 0.04413222277351534
20.0 20.357787682083963 0.515425001385327 16.499831523105403 5.0 0.273630730601562 0.06596320612021549 -0.057187099779595754 0.022524371398403485 0.09926879545517157 0.06389635040468665
20.0 20.4300596246597 0.517933254924115 18.489589385383887 5.0 0.20219665344168425 0.0648930537728182 -0.07050894008598423 0.027439146848804677 0.1400988496845177 0.07231353154286767
20.0 20.514213051961047 0.520617264360796 20.486083420230788 5.0 0.17560313299472424 0.07778188247963623 -0.0830813271171305 0.03737794368491846 0.15781221661319622 0.09352943366169876
