# target_velocity,velocity,velocity_std,alpha,beta,fx,fx_std,fy,fy_std,fz,fz_std,tx,tx_std,ty,ty_std,tz,tz_std,dp,p,rho,rho_std,temp,CL,CL_err,CD,CD_err,CY,CY_err,Cm,Cm_err,Cl,Cl_err,Cn,Cn_err,LD,LD_err
22.5 22.543763742540165 0.512199292612353 -5.247701819076984 -2.5 -1.386149345596599 0.025194710666830156 -0.9503866654759345 0.04189651159083974 10.629462865341111 0.09305772250235124 -0.2274471359640382 0.01131933423317684 -0.0645242476623979 0.003081906002458064 0.053389766014601936 0.007857711797757712 224.024 101650.04 1.1899999999999995 0.05 24.46999999999999 -0.23738694436291669 0.014837900371272462 0.03095676251476076 0.0019967986164963953 -0.021224909418163112 0.0016127598861490487 -0.009045918797443642 0.00070718033572385 -0.005913339584919717 0.00046961701742472396 0.0013880667939193765 0.00022161793234677413 -7.66833884033339 0.13522711981759195
22.5 22.601914135838896 0.5095921156055442 -2.597536680750517 -2.5 -0.9380701846698212 0.023480135882961873 -0.9052859970229187 0.03682265612243321 4.264437922062659 0.07659333542884815 -0.24473194658493524 0.009201132110474823 -0.0724860370682844 0.0024366776999505523 0.04970442510028198 0.006795970673689901 225.81148936170212 101650.3510638298 1.189978723404255 0.05000020823858855 24.469999999999985 -0.09474962075842762 0.0060827844035761715 0.020842557886095955 0.0013865184347860871 -0.020114140823123523 0.0014853611363636028 -0.010110072376182205 0.0007097873145398988 -0.006330138093721516 0.0004570153919048605 0.00128563466741612 0.00019281653351126433 -4.545968938948467 0.13119864785379523
22.5 22.59431742201585 0.5089617878279877 0.1009879101638815 -2.5 -0.6945588347894404 0.023532008687337038 -0.9360471373705864 0.04224297347000021 -4.354074764106049 0.08317880860923502 -0.3134837631132662 0.011599795007129727 -0.10755229761604486 0.0031831998513709527 0.056475350084351686 0.008213796741097597 225.74234042553195 101649.7340425532 1.189989361702127 0.05000010525113414 24.469999999999985 0.09680541990048047 0.0062438381153753515 0.015442330067840465 0.0010857001732557947 -0.020811410251106867 0.0015892871236550003 -0.015010933734449923 0.0010259311165918366 -0.00811382578664348 0.0005830879235695853 0.0014617380730451586 0.0002308808565555871 6.268835044659698 0.24382781070650014
22.5 22.59832360552626 0.507781202834411 2.828561005119097 -2.5 -0.8395610266504846 0.02393296157032864 -0.927005569102766 0.039690267223584846 -14.070255444027266 0.0923896489749338 -0.32413005330282624 0.01194669791210552 -0.23515035131501924 0.003342711189936115 0.06432452432600919 0.007836693187201885 225.80917525773197 101649.94845360825 1.1899175257731955 0.05000075671656098 24.472164948453607 0.3127360853365775 0.019350266610307344 0.018660715146240365 0.0012653437975571643 -0.02060432334861904 0.0015444258539582555 -0.03280997274621712 0.0020718039294003393 -0.008386913238523839 0.0006015107494862385 0.001664406614364541 0.0002271654419873489 16.759062173433662 0.47304121878995753
22.5 22.571045720090428 0.5080805974963211 5.539057908120755 -2.5 -1.2243644614684817 0.02504412063862545 -0.9217434076042932 0.033258483867702436 -23.25413512244838 0.0826325949196883 -0.3580461546317776 0.010864741744763626 -0.3711238833424914 0.0023717973269751437 0.06274257888222856 0.006248244499464684 225.2327659574468 101649.82978723403 1.1897872340425528 0.05000167493799382 24.47521276595744 0.5181706943048092 0.03196588262576244 0.027282450185335434 0.0017705052118602797 -0.020539160840607938 0.0014660608579624072 -0.051912958964412614 0.0032143538079072334 -0.009287920847797929 0.0006376821157092526 0.0016275781736691671 0.0001905744888586269 18.992821054735426 0.37634280548464316
22.5 22.554264185818994 0.51324780613885 8.249527271676698 -2.5 -1.8579311708813249 0.03980751832164818 -1.0016716397235732 0.0329141526863014 -32.196012074423315 0.20169587442141226 -0.39579513823107343 0.014293223721305827 -0.506417475729192 0.0039989991626509635 0.07732684580978538 0.006142938058649417 224.8108163265306 101649.45918367348 1.1898979591836731 0.050000916276485674 24.472142857142856 0.7184232140470258 0.04472951154793235 0.041457956972350385 0.0027173808468131657 -0.02235134454436477 0.0015672858230331365 -0.07093673310750546 0.0044297151077738305 -0.01028147838498887 0.0007372093482393795 0.0020087015149451333 0.0002023516420510743 17.328958456061034 0.31152431315866785
22.5 22.634033462391297 0.5086404048101028 10.945652655153497 -2.5 -2.7524956982447595 0.03139544287653222 -1.0074259869401794 0.029590092619126755 -40.85571493884593 0.0853733762013597 -0.4088423348481373 0.013187578955327198 -0.6912671451750487 0.0026797043740324055 0.0819171393481512 0.006343672490388186 225.79812500000003 101649.67708333331 1.1895520833333333 0.050002472812115895 24.48 0.9055048210880204 0.05575522690736383 0.061004883368590265 0.003818071050126205 -0.022328065716856055 0.0015225153340417028 -0.09617630602241278 0.005930245213322551 -0.010548741458804602 0.0007329204359361643 0.002113584260664911 0.00020906241209328483 14.843153057386877 0.15852675409971823
22.5 22.6834725464134 0.5099680638497548 13.063236582648651 -2.5 -3.766014237818111 0.0564354116918798 -0.9268824785849604 0.047929063698606736 -46.22066222195709 0.11414007938294109 -0.3824971649355521 0.015153044866956473 -0.8550186732408166 0.00938277406626725 0.08105449689358732 0.01057865699277298 225.81574468085103 101650.02127659574 1.189659574468085 0.05000224530947721 24.48 1.0198579845740046 0.06282214860042563 0.08309702859760447 0.00526398009853788 -0.02045164329336582 0.0016440690905779932 -0.11843044488571791 0.007404272943524964 -0.009825136519240829 0.0007191680240410647 0.0020820324187554693 0.00030043333971311274 12.273098109351713 0.1759326987837956
22.5 22.815759985499234 0.5153087312982285 14.06412718516996 -2.5 -5.429219992219735 0.814631936242942 -0.637352148614103 0.32326486310130376 -46.786512582223466 1.1200676555243898 -0.20762657535876872 0.12119980772640811 -1.0234597498404645 0.10169248668385956 0.10601586878419314 0.08089627851928081 225.88 101651.26 1.1899299999999997 0.05000065099576205 24.48 1.0201750617031047 0.06751088067966735 0.11838357968717136 0.019205841137621273 -0.013897397597145261 0.007100709600917017 -0.1400906080167577 0.01638450406591773 -0.00527040276385504 0.0030936760160670635 0.0026911118043883263 0.002060175603159981 8.617538550522948 1.2767997937467497
22.5 22.885690831864324 0.5169190678380579 15.077832383694455 -2.5 -6.6085195299936474 0.47342529619735263 -0.5028985477625052 0.3241090175608274 -47.68579714034569 0.909459212264631 -0.1070844532559743 0.10890913194965722 -1.184015204819646 0.0816514611936409 0.14119200303516768 0.08026473889445285 225.5085416666667 101651.48958333331 1.1899479166666662 0.05000049370415979 24.48 1.0334235687295523 0.06673411593062538 0.14321664407968562 0.0135401358643857 -0.010898574483468723 0.00705604405740254 -0.16107599354799967 0.014904517207255311 -0.002701609500783672 0.002752694679753452 0.0035621011756270518 0.0020368712154899635 7.215806342694054 0.4828912386371558
22.5 22.966395400034127 0.5183148724906544 16.084977038128297 -2.5 -7.396455557548574 0.25940552758230256 -0.4452608491455114 0.24083988942420625 -48.34691846434067 0.6116555028461499 -0.05135017163475622 0.07787474938545051 -1.2916097969160456 0.050635350556014695 0.15497932030192754 0.06364511451483519 225.9121052631579 101650.37894736842 1.1896315789473677 0.05000232681566539 24.48178947368419 1.0406770098910918 0.06552182919224395 0.15921017301442547 0.011296091929248018 -0.009584328098430722 0.005217719763212865 -0.1745270375289869 0.012754689975525906 -0.001286755099069098 0.0019530327307024477 0.003883539709802861 0.0016127333858111594 6.5364982035212025 0.19551801119958037
22.5 23.036619239042956 0.5182967515834984 17.074119206363147 -2.5 -8.453224426023045 0.31189466957686945 -0.5122112742812037 0.3185356497218326 -48.01620976213311 0.7475913177235597 -0.2656696796461042 0.12357647574069662 -1.3995368227793488 0.048916057078811644 0.12441195294631127 0.08663750731682836 225.5444897959184 101651.64285714286 1.1892551020408162 0.05000190021378776 24.49 1.0275919306456005 0.06527399112543339 0.18090693228702012 0.012987429980820175 -0.010961801750794474 0.006850305353883493 -0.18801883770743888 0.013313753043989553 -0.006618836270769535 0.003105622967182414 0.003099572174646513 0.0021668917811199537 5.680224177453089 0.16974211801339698
22.5 23.233391727140567 0.5233817439407804 19.004919670801097 -2.5 -10.666927425035944 0.40445340095509713 -0.45282150639958957 0.5296831998792144 -45.794149533363154 0.8563248075722971 -0.2456857352148065 0.1819455126064776 -1.4862533790806451 0.04869365141918582 0.17195923685256947 0.13662238224387838 225.89000000000004 101652.4947368421 1.1894842105263157 0.050002497444552915 24.489999999999988 0.9633218433191768 0.06203281125165111 0.22438858007726936 0.01623474889824876 -0.009525514780476878 0.01115782017495699 -0.19626302544419363 0.013696854250094998 -0.006016559110778095 0.004471032318116415 0.004211082553340784 0.0033557713911747875 4.293096569297118 0.1316226310090127
22.5 23.48070402317457 0.5323642704734862 20.897403360378867 -2.5 -13.97061787485629 0.6070500763949019 -0.09057304426460303 0.5944206238899502 -41.79283725338014 1.4932103900140834 -1.190483927948357 0.1997679027737132 -1.367097921831223 0.07374627411508032 -0.07674359864065508 0.13752993437905453 225.560625 101652.65625 1.1895104166666666 0.05000249885248792 24.49000000000001 0.8607097034489296 0.06146544397977931 0.2877202687906368 0.021743857730870127 -0.00186532198321013 0.01224244006642085 -0.1767415627463247 0.01450262794573223 -0.02854205352037793 0.005104270537539999 -0.0018399407571363705 0.003299265514637535 2.991480951504448 0.06621750003183773
