# target_velocity,velocity,velocity_std,alpha,beta,fx,fx_std,fy,fy_std,fz,fz_std,tx,tx_std,ty,ty_std,tz,tz_std,dp,p,rho,rho_std,temp,CL,CL_err,CD,CD_err,CY,CY_err,Cm,Cm_err,Cl,Cl_err,Cn,Cn_err,LD,LD_err
17.5 17.407611606680607 0.5123603706644381 -5.402109834464489 0.0 -1.0348541314853101 0.023579181872111898 -0.13012432428806658 0.025409005587982175 10.213108263282985 0.07157374026762817 -0.09326868841568581 0.0053096663351819735 -2.0308809507695383e-05 0.0023644327255732196 0.02452384195283493 0.0025868439519502037 137.52789473684211 101338.54736842106 1.181 0.05 25.73 -0.38545615319970866 0.02807954583006168 0.03905675748872659 0.0029685227802335673 -0.004911063330064673 0.001022951214497829 -4.811558135093317e-06 0.0005601809262985383 -0.004097884872351522 0.000377773757181206 0.0010774878757012797 0.00013791963294126282 -9.869128365583533 0.21892574001479523
17.5 17.46092219114872 0.5124955246133693 -2.705114038489325 0.0 -0.7327315650155332 0.021767608888393422 -0.10239539229070993 0.024859303642155144 5.2416087878855295 0.07025049811471747 -0.08323288060444045 0.005781556263887243 -0.01900190284463935 0.0018806350441052425 0.02454455488344294 0.0022962212860345534 138.45947368421054 101335.1052631579 1.181 0.05 25.732210526315797 -0.1966190862967674 0.014472517409048034 0.027485647373594265 0.0021503687365334967 -0.0038409750303627817 0.0009730584783148594 -0.004474478103590746 0.0005486225027746479 -0.0036346519633598537 0.00036461506415733113 0.001071822985688425 0.0001267769743424695 -7.153518475452075 0.22170538754796518
17.5 17.448011456113637 0.5137072793255166 0.01183182787618392 0.0 -0.694686784159152 0.021562499768421776 -0.07895403691448108 0.02501540899669491 -0.30191075401689366 0.07080847329025718 -0.08187571742756457 0.007099889829146916 -0.047383899939007594 0.0019604940377778266 0.022692532510216815 0.0024340651026639954 138.24878787878788 101334.33333333331 1.1810000000000005 0.05 25.73686868686868 0.011341803824690327 0.0027843191920378066 0.0260971201612024 0.002058733098226357 -0.0029660460448563404 0.0009640528368742603 -0.011174254928546583 0.0009330102376550853 -0.0035806799382734284 0.0004047808824075049 0.000992415070803342 0.00012849801673127964 0.4345998238361855 0.10281739007470944
17.5 17.46096392057324 0.5105827762874702 2.73060135840672 0.0 -0.7915481258788589 0.021682670494791684 -0.06917228496179952 0.02414639957530684 -5.892955416519355 0.06997167316994445 -0.07983202341314868 0.005599120405095282 -0.1037343486899043 0.0017549996080296923 0.030706511918400632 0.0022197851823405113 138.45617021276593 101337.70212765958 1.181 0.05 25.73999999999999 0.22105082968800502 0.01617397818080506 0.029691785801232783 0.002292816997704919 -0.002594723683019514 0.000924926596379772 -0.024426756470191713 0.001811352639815307 -0.003486125094257199 0.00035090152722671984 0.0013408997690294436 0.00013699871437526594 7.444847917460968 0.21166639991613445
17.5 17.400207350523612 0.5111570914834509 5.457643534814682 0.0 -1.0606314544338404 0.022372383246111596 -0.04934244759851465 0.02414653500035138 -11.613711753530652 0.07237732942233627 -0.06112586372529773 0.007352752398552673 -0.18679139264671782 0.0018758571753268055 0.0380215236357194 0.002423958125350411 137.4976595744681 101335.4574468085 1.181 0.05 25.73999999999999 0.4386898835769776 0.03188636965346023 0.040063702211501066 0.003021894697372779 -0.0018638341515420304 0.0009220306545480645 -0.044292241667321965 0.0032382408197214134 -0.0026879328913348784 0.0003774006487927654 0.001671948627481237 0.00016131216761821127 10.94980891334209 0.22331970967476955
17.5 17.344210242468435 0.5130422181278529 8.179903672373221 0.0 -1.5140040207701269 0.02358413188977934 0.0003413108680949059 0.02340765897977079 -17.14317702449892 0.07069696481563519 -0.045484436697572905 0.006976191641572789 -0.2816713355836341 0.001454656008089215 0.03337599766288224 0.002253450300597959 136.615 101335.3 1.1810000000000005 0.05 25.75 0.6517449503525666 0.04748954049533026 0.05755902035779475 0.00428224681211444 1.2975869902259718e-05 0.0008899069350329858 -0.06722228061263458 0.004902622211964923 -0.002013056767076816 0.00034172392279675155 0.0014771597238839784 0.00014661055173353945 11.32307232300395 0.1655662037307387
17.5 17.259801345110944 0.5100135218555464 10.887153378936505 0.0 -2.1091735354253025 0.02511084318169423 0.03888345710018877 0.02271197321219276 -22.151603074698272 0.06926577513958275 -0.0280209957593302 0.006082624292213012 -0.38053781687347366 0.0014523377515806327 0.03175255754249776 0.002453464107175802 135.26263157894738 101334.75789473685 1.181 0.05 25.75 0.8504112544235423 0.06188062875567281 0.08097223961667617 0.005964960170064819 0.0014927555995558994 0.0008786515167082259 -0.09170771754573286 0.0066761778381538755 -0.0012523168922851354 0.00028668508139027967 0.0014190881910570703 0.0001505533239991388 10.502503801912882 0.11459576287958015
17.5 17.22616939706399 0.5112030241785214 13.02643987415034 0.0 -2.6755487907677784 0.0264850773754632 0.07506753527697833 0.022689322829615347 -25.529705572932876 0.07091627436763015 -0.0030796959257257226 0.005582606343262048 -0.46539400776098994 0.001574119199255208 0.029843064291883763 0.0026234118963256886 134.5721052631579 101337.36842105264 1.181 0.05 25.753789473684225 0.9839290946656105 0.07178494144709943 0.10311714296560057 0.007586689062056085 0.002893144686406614 0.0008995373733591615 -0.11259601181218455 0.008217589227190064 -0.00013817601746513605 0.0002506760221896784 0.0013389619859424252 0.0001529156594056037 9.541857603578533 0.08399906782347906
17.5 17.1931686068332 0.5119822537301351 14.082873810520567 0.0 -3.0237482726128695 0.02931261852660091 0.11387233421933271 0.023572106514299307 -26.830240086460403 0.07668505092560107 0.011303286626215374 0.0070802672114928245 -0.5151071409135303 0.0024697308318909752 0.027313028011034263 0.003748170872978798 133.80838383838383 101334.77777777778 1.1810000000000005 0.05 25.76 1.0380257771109787 0.07590775622987683 0.11698473962038376 0.008623109861189164 0.004405566921449708 0.0009671231361967293 -0.12510232303766436 0.009161030160884659 0.0005090906914070916 0.0003210518171558177 0.001230156216892677 0.000191254713396421 8.87317252215442 0.07526905469966799
17.5 17.194355515923263 0.5137095356604233 15.12403021593995 0.0 -3.511461370159108 0.06133327916014114 0.19070528037283194 0.03635271010698851 -27.85381292740376 0.12603380186797256 0.0349485389411182 0.013105186966480949 -0.5789916205831873 0.008079459730155747 0.024443820898520784 0.005793792407227598 133.27425531914895 101339.06382978724 1.181 0.05 25.77 1.0774776590417194 0.07905595282347037 0.1358349460734719 0.0102264480815778 0.00737711133475924 0.0015064451310691878 -0.14059831705957757 0.01048150792855866 0.0015738360179488274 0.0006013141602138012 0.0011007775120784888 0.00027308079146797176 7.93225668495441 0.12781852470230792
17.5 17.287048564748748 0.5173609992954796 16.029796454970494 0.0 -4.440987679312674 0.1754181949875531 -0.27187948441041626 0.1845744972645541 -25.79455030012333 0.5525393549363121 -0.3233176363067538 0.07570766180074104 -0.6445563979381863 0.02287400883893329 -0.015589946580486968 0.030549340922974653 132.60368421052632 101337.45263157894 1.181 0.05 25.77 0.987146660166252 0.07539844083660718 0.16995474255087206 0.014153585423234041 -0.010404714247031543 0.0071046593074530545 -0.15484559938516357 0.012612532446634388 -0.014404226802734028 0.003534335119460943 -0.0006945526663902287 0.0013619656500128048 5.8082913448018205 0.14641721359511944
17.5 17.288979678765443 0.5193193660494626 17.02833978109512 0.0 -5.159323688814447 0.21592876162325042 -0.2129556447590492 0.17335975706940257 -25.763818359513426 0.5401849216784738 -0.22246285943957053 0.08067486722686006 -0.7100573201610918 0.02751507040198941 0.009329489722448642 0.035650013052840136 131.44319587628866 101340.68041237112 1.1810000000000005 0.05 25.780000000000005 0.9857503155351465 0.07533775051760068 0.1974010561333909 0.01669533620863977 -0.008147903043211328 0.006659899913648346 -0.17054316926444987 0.014169511053223224 -0.009908799653001123 0.0036664201797860178 0.0004155482167107 0.0015881939509562774 4.993642561208183 0.16093590050386095
17.5 17.393057937560105 0.5218351301809452 17.95199365793134 0.0 -6.221643662589971 0.22208959675701867 0.18781294517192842 0.22076408363127686 -24.13908514834775 0.6558880232665407 0.0646563397042306 0.0821829550902361 -0.7390562008676494 0.039269473777192886 0.015509055478440635 0.03633077403259713 130.9657894736842 101338.7894736842 1.181 0.05 25.78231578947368 0.9125661244903975 0.07145628714197981 0.2352061484616202 0.019205335562919267 0.0071001751081857176 0.008362148686299892 -0.1753901606717998 0.015898040717118013 0.0028455189855961347 0.0036228951381944647 0.0006825519665116298 0.0015996991909873243 3.879856587334517 0.06742033645740962
17.5 17.386529393288356 0.5283267759736696 18.954539960262355 0.0 -6.725984482268655 0.1943507843340329 0.19809715492471822 0.21969571456263665 -24.18548364651293 0.5464359722775054 0.07786148950431897 0.08065520211362016 -0.7752650740923946 0.03433775308955678 0.016157399557575777 0.036033364070828355 130.0742105263158 101338.33684210526 1.181 0.05 25.79 0.9150069697950223 0.07085487908832391 0.25446349429924736 0.020230862260688213 0.0074945897341530164 0.008330241629199884 -0.18412131549448277 0.01588966048733224 0.003429250174309467 0.003561362465184295 0.0007116196415190718 0.0015878908913956886 3.5958280472207154 0.0483116657761734
