# target_velocity,velocity,velocity_std,alpha,beta,CL_alpha,CL_alpha_err,Cm_alpha,Cm_alpha_err,SM,SM_err,CY_beta,CY_beta_err,Cn_beta,Cn_beta_err,Cl_beta,Cl_beta_err
25.0 25.062366514047977 0.5110749021913312 -5.257554061491934 2.5 nan nan nan nan nan nan 0.31326414083786563 0.020402401601457402 -0.009921712983060348 0.003184295031575107 0.04857074981553999 0.0060478112701227785
25.0 25.110738586748713 0.5085883467961749 -2.5977842135243776 2.5 3.6769579364323377 0.1710406526315622 -0.12379081541337675 0.013220863423320368 0.03366663898621803 0.003921848242973251 0.3106439807197096 0.01938585567015461 -0.010502191606686572 0.00325733430500528 0.06054847311101 0.00610420792016527
25.0 25.12409193461584 0.5081248531910227 0.1071865019951536 2.5 4.348321148966035 0.2005886244160988 -0.26384696148550196 0.022961368462264507 0.06067789209825055 0.00597650956212647 0.33171845929763605 0.019950272344825694 -0.016269277239614882 0.0032710693257808478 0.0767496454167254 0.006997919637535904
25.0 25.099434062360533 0.5075735022161226 2.839498015065295 2.5 4.4688695440886805 0.3196164582492074 -0.38136452729754916 0.03496736303635762 0.08533803091254018 0.009923563081318802 0.33718676295493727 0.018709343722082872 -0.016901123140252827 0.002726644296813848 0.0967952539909804 0.007273827646958205
25.0 25.106650679430928 0.5089318489644493 5.551505404536538 2.5 4.34105598451239 0.48384525423367925 -0.45095916330492763 0.0527978086845262 0.1038823652387385 0.016792464407272605 0.35273723657338596 0.018811916401913483 -0.017992944854918643 0.0026600830377807513 0.11131368869271178 0.008456264823995894
25.0 25.11421043268909 0.5085995837458772 8.265826588580893 2.5 4.151025843886498 0.6421621308520525 -0.5171164113024787 0.07148728805775377 0.12457557017238802 0.025845413199785505 0.3799168186128544 0.01929107797369138 -0.019966777079302386 0.0027130241638874805 0.12627137069313074 0.008933482165982356
25.0 25.24622492247509 0.5113877372213473 10.957422260636564 2.5 3.6055272625272266 0.8684406547059191 -0.5496791651406826 0.10182225246988272 0.15245458572830076 0.04632436608038262 0.4084521446002292 0.019937213442366396 -0.022955598396655126 0.00309037227621368 0.13415380415093545 0.009192419667101333
25.0 25.219793856197526 0.5110987699498647 13.079591871705869 2.5 2.8722819138000535 1.4778386458119048 -0.6123920991002989 0.18258362997215052 0.21320751843961547 0.12678596153953683 0.41261348430168365 0.021656349443337924 -0.02295465810357988 0.0036718529608238256 0.14404385059094396 0.008820904343195272
25.0 25.257900372375328 0.5135745077408719 14.117514968821315 2.5 1.1651102467993006 2.4409408969065973 -0.779883370249181 0.3678664118609019 0.6693644420273663 1.4374429528854806 0.374709774870929 0.07407183285702158 -0.02824937205723383 0.021962661449659932 0.1170449514639862 0.03526317737796257
25.0 25.48431005504154 0.5196499400778353 15.031285688478018 2.5 -0.18464245560972278 2.561870738869576 -1.1079432986942281 0.4947009361286561 -6.000479656943464 83.29834613286542 0.1380707541835423 0.10530095625871373 -0.07014981256271899 0.030766083131636316 -0.08902046466660454 0.04264081988471432
25.0 25.53848395879545 0.5175476396653738 16.04844887554525 2.5 -1.5980757963126666 2.630509654784559 -0.6113132850384936 0.4733346674313047 -0.3825308451883273 0.6958489158362374 0.14111700462708449 0.10034863436460725 -0.06709099969698626 0.029249054374432575 -0.07282501736743183 0.0388353371581725
25.0 25.660632452476097 0.5206846984395199 17.020305356849146 2.5 -3.2873766671327744 1.7187037700819938 -0.20309110131299765 0.4091388816681176 -0.06177907854110682 0.12858043649870943 0.1878127744564022 0.11499916436893615 -0.04032941139438891 0.03583292198563475 0.06868020326931693 0.0511398604817444
25.0 25.896241992086487 0.5272430357948102 18.954276815074987 2.5 -1.489224602001966 1.2434487065296733 -0.32954173555052546 0.26771129311563135 -0.22128410657970746 0.2577857185922261 0.24622564134288277 0.17750646890580776 -0.03535735949626887 0.0523236108799236 0.18222580979524283 0.07909389844741219
25.0 26.128492066932225 0.5296739066396556 20.946889478392695 2.5 nan nan nan nan nan nan -0.06135667849397644 0.1764816925423924 0.08313737774451249 0.05836852821815833 0.4441785511523232 0.08613993037116706
