# target_velocity,velocity,velocity_std,alpha,beta,CL_alpha,CL_alpha_err,Cm_alpha,Cm_alpha_err,SM,SM_err,CY_beta,CY_beta_err,Cn_beta,Cn_beta_err,Cl_beta,Cl_beta_err
22.5 22.52724991922388 0.5113072077204457 -5.242652151185441 5.0 nan nan nan nan nan nan 0.31707444686421465 0.021474515754214187 -0.016898729177643432 0.003147945558528277 0.035042538662709496 0.004900951686508828
22.5 22.602908084037363 0.5081373810665362 -2.5847530314700182 5.0 3.610509810662457 0.17584927957787333 -0.14361272941602846 0.016082550923209742 0.03977630222521909 0.004857421851615674 0.31541126608441805 0.02155623390594003 -0.017913411416692906 0.003495964820467688 0.04934482565930067 0.0049735189344012505
22.5 22.606985561596648 0.5094918692935625 0.11483487748368247 5.0 4.2670810064578415 0.20966486467841264 -0.22969044663464414 0.02397324916950435 0.05382847109933662 0.006209622898233873 0.30477546597743127 0.021333629906153537 -0.01030218675566622 0.003400333988096104 0.06801342204083008 0.005893687298824605
22.5 22.606447332319043 0.5094104962750182 2.837414152887654 5.0 4.4122813073460465 0.33735754274409774 -0.34982016547348266 0.03763800209398896 0.0792832870585708 0.010464815085104717 0.3483439968084529 0.021674491203812245 -0.014125975902170445 0.0026234890913284146 0.08393041248787089 0.005837873375309764
22.5 22.595856065102048 0.5078330935780592 5.546519835277548 5.0 4.321799969681477 0.5070717741413407 -0.46589685421247373 0.05569277692415238 0.10780157746329269 0.018056553320270313 0.4170352476284098 0.024009883419299365 -0.021969768039580718 0.002942589719307508 0.10254439762873958 0.007080114182625264
22.5 22.621183736540488 0.5085501464614072 8.2522724055795 5.0 4.105262839910811 0.6743826515476847 -0.5270861833843891 0.07604598355243553 0.12839279820530086 0.0280711234567969 0.47957612044643266 0.02593216502185874 -0.02485328117954021 0.0027600593143651013 0.11682311469338652 0.007279843497024581
22.5 22.612379171070977 0.5140419609425303 10.943282037231674 5.0 3.6486388473228835 0.9145992235054355 -0.5405039330036014 0.10733339430897924 0.1481385129142572 0.047373959526092954 0.5397945563340066 0.028875606579581083 -0.02624529981176295 0.002936951895109003 0.1249007531610032 0.007625219167475758
22.5 22.714645266386487 0.5106845219974719 13.066743351618896 5.0 2.988455414556534 1.5494843939786307 -0.5165197354788493 0.1868995792893492 0.1728383609013947 0.10928019269310449 0.579557244124248 0.031624255319754525 -0.0284673235089269 0.0035158907044667773 0.13479373686747648 0.008026481506941668
22.5 22.92984288987678 0.5166547069235775 13.998893408820758 5.0 -1.7182601953842347 2.6007067279739826 -1.424235152838629 0.4338277617010247 -0.8288821196373835 1.2797245049933454 0.40651642918323044 0.11022157833298216 -0.05854483672185642 0.03257926462913837 0.011834156274509932 0.03852733668302436
22.5 22.980176900943928 0.5203851242061679 15.007647710225077 5.0 -3.021523814426317 2.7130746104499512 -1.4577434246813858 0.45850063696880194 -0.4824530648149669 0.4590106266070504 0.350284026671845 0.11775322650579692 -0.07719415027406493 0.03316394558350072 -0.07154521282735894 0.04176593120999395
22.5 23.035262913445486 0.5236553325289555 16.0103571979846 5.0 -0.5447460199186293 2.4822248119252133 -0.5556550866044254 0.5365412210408529 -1.02002596859253 4.751129029182036 0.26988009007153096 0.15420036204085424 -0.0961502233364149 0.04808684217381505 -0.14270901927944735 0.0775189824117787
22.5 23.088925121213517 0.5177679591790689 17.01509678065108 5.0 -1.3960982013124936 1.6699140954711496 -0.10102353475636054 0.3803665019357363 -0.07236133866613878 0.28586769358261416 0.16776328435871407 0.15103719718529138 -0.07872067267159398 0.04638205158707237 -0.20501040920545285 0.07855183090897908
22.5 23.275961192313353 0.5242817798030367 18.989997331752647 5.0 -0.4764699839649226 1.2429027882302015 0.014451649478876928 0.2986032955042607 0.030330660829079314 0.6316736637138146 0.3391545787041535 0.18812808025094707 -0.026720257522601553 0.052956071457472595 0.11309015376565869 0.07597075247224193
22.5 23.545471079120098 0.5299657376664304 20.930997780100885 5.0 nan nan nan nan nan nan 0.3020184341679666 0.24459560169312894 0.022278605621777046 0.08949703927240288 0.4924684860329806 0.14515635982618944
