# target_velocity,velocity,velocity_std,alpha,beta,CL_alpha,CL_alpha_err,Cm_alpha,Cm_alpha_err,SM,SM_err,CY_beta,CY_beta_err,Cn_beta,Cn_beta_err,Cl_beta,Cl_beta_err
22.5 22.533473823576205 0.5094729377059588 -5.261461291591724 0.0 nan nan nan nan nan nan 0.3126693278748788 0.0290201054185161 -0.0063184421273995445 0.0036742357595979437 0.06290965446533751 0.007560243102530801
22.5 22.59341864777894 0.5095219938075882 -2.6073733035631728 0.0 3.5799070402442146 0.17244469134066973 -0.06389792601999773 0.013347822653836083 0.017849046162840793 0.003826387794972172 0.30304363697727377 0.027966882592192478 -0.004020652145699259 0.0037015488119740954 0.06902183160931957 0.0076328033167595705
22.5 22.5973646771575 0.5074279538589513 0.09005825367320223 0.0 4.302762781427945 0.21418281878228654 -0.23969500032360996 0.023125029117284368 0.05570723102798224 0.006047670461218649 0.3093489064811278 0.028224434077779206 -0.009165286686241461 0.003552248351004917 0.08947146507110919 0.009948029019801907
22.5 22.606797676538584 0.5091260957008633 2.819783891975491 0.0 4.439525762965604 0.343158880752132 -0.38880159724985414 0.03554977231347045 0.08757728145047064 0.010485503999205285 0.31386869990280647 0.02816706485635455 -0.014190961127049376 0.003530836737594502 0.10234335461929732 0.01007670789211567
22.5 22.615592576171927 0.5071915366209012 5.531556924814958 0.0 4.287826032285883 0.515101183568954 -0.40297289224706745 0.0516867026374169 0.0939807000593815 0.016515753214014488 0.29038007551394585 0.0283547011883504 -0.008630491289264894 0.003101101920083208 0.11174898671716672 0.011767942583698364
22.5 22.575165101552845 0.508865070753968 8.246230516367577 0.0 4.1047298280018 0.6810800845993191 -0.4690758401927734 0.0714831914227243 0.11427690977194507 0.025745173504242942 0.3017620031936016 0.029363568298495072 -0.012578769469911232 0.0030191581936819967 0.12339215040580348 0.01222594171300792
22.5 22.5878474168053 0.5125110114878917 10.942200683949515 0.0 3.5878652062193397 0.9179194605595237 -0.5652998680456043 0.1026980949379775 0.15755883667694437 0.04943887541386149 0.3397120676474592 0.032237604830661154 -0.025944399404174683 0.003563611097454135 0.13721914294163975 0.012883162039239995
22.5 22.67644784851557 0.5108605511620478 13.059548055958409 0.0 2.1068380580806862 1.6087003582556987 -0.8068381320163022 0.3201440708418275 0.38296162769687464 0.3295400286290972 0.3168488559473146 0.04046896259620464 -0.02702605035264597 0.006786140412152278 0.134115844923225 0.015047143413698774
22.5 22.72957178188646 0.5132197316548981 14.103575157728862 0.0 0.38580975813557555 2.606609780913664 -1.2128536910977934 0.4733140757363399 3.143657373931922 21.274594952095754 0.2384712102769222 0.08865914788828946 -0.035291622992935 0.025671957974166545 0.09066417748126443 0.036927003734371036
22.5 22.84191393686949 0.5154422752839658 15.096493050152993 0.0 0.5812777734317726 2.6673534218891 -0.976352631870252 0.588700991562007 1.6796662052051632 7.773865390205285 0.2550138472178743 0.1158651275460072 -0.0336476386318145 0.032117943510270995 0.1354528198233913 0.045932217848118996
22.5 22.95883599912693 0.5165872766515456 16.084568706020928 0.0 -0.16737487121791708 2.6792415077760543 -0.7732913130944231 0.5735933105994185 -4.620115955683819 74.0355399169191 0.30316263581224084 0.14339793480538307 -0.025934859930827347 0.045660283956841644 0.18355443397526716 0.07385835152014801
22.5 23.05800528925428 0.5201630454035723 17.06110053132183 0.0 -1.5178807002948564 1.770483916126778 -0.4265085064184067 0.367248188007472 -0.280989478511424 0.4073815616837336 0.3543710192244074 0.14294000575770288 -0.026947437948379782 0.04652622147458265 0.290811887658213 0.07771835474263636
22.5 23.290639624678334 0.5252179635064352 18.92107651191747 0.0 -2.500898941573478 1.3436273133666807 0.16900136993525333 0.29503122894528555 0.06757624913421074 0.12343035946596478 0.13906291828632236 0.18913283917593027 -0.04516344595431551 0.05517567987487635 0.17313172894127885 0.07878749782226557
22.5 23.443531721807876 0.5309886739931096 20.833078367957757 0.0 nan nan nan nan nan nan -0.01826677839485232 0.18542004476211169 0.012553208448883815 0.0505518418089036 0.05183798268551116 0.08377002692452043
