# target_velocity,velocity,velocity_std,alpha,beta,CL_alpha,CL_alpha_err,Cm_alpha,Cm_alpha_err,SM,SM_err,CY_beta,CY_beta_err,Cn_beta,Cn_beta_err,Cl_beta,Cl_beta_err
20.0 20.034227621198024 0.5139307580529928 -5.244201402218507 2.5 nan nan nan nan nan nan 0.336262452164986 0.02422195428263351 -0.01438385819003414 0.0034720511001810994 0.05110747503683561 0.007257362602392749
20.0 20.072109256287344 0.5103629754493242 -2.5910873640126577 2.5 3.6084452288851194 0.19043159629485584 -0.11031355549529868 0.017146406002875075 0.030570938035099852 0.005018162297665789 0.3287820380690622 0.023375861298811234 -0.01469612313429742 0.0034262441694160703 0.061221767499720595 0.006811888544665293
20.0 20.073269775112898 0.5138888093545242 0.11660007881089711 2.5 4.2766168851226265 0.22489228813899573 -0.2135619397213353 0.026088686857046423 0.0499371221360203 0.006641517005961694 0.3221899962743522 0.023146419564032586 -0.011209205797538663 0.0033931118188534207 0.08488270537420585 0.008294066104898672
20.0 20.117056556809214 0.5119600011601056 2.833623958925228 2.5 4.408545241425938 0.35882177785055996 -0.3155397709569165 0.037816597741115524 0.07157457929474612 0.010369201073630376 0.32015175940903234 0.022307131775382554 -0.010679600207175245 0.003226609168662639 0.09077938934382199 0.007857452188835937
20.0 20.02051615164819 0.5087238272974964 5.544920658202018 2.5 4.324782727647712 0.5397863251465209 -0.43342974817999574 0.05729060870282044 0.10022000536793257 0.018219543343541304 0.3589208013280895 0.022342980951391284 -0.01855834177520025 0.0029409982075380855 0.10696576044538193 0.009000878406446542
20.0 20.12177851279473 0.5085582673838869 8.258563604575306 2.5 4.160531816097218 0.7276617482924512 -0.5430060095120289 0.07937658021220868 0.13051360583546626 0.02974945874290834 0.4140631288816237 0.023618356811490798 -0.02717218568707593 0.002923280233967445 0.11906468839554707 0.009167041989070611
20.0 20.10083967592194 0.5094003628895954 10.954242338894295 2.5 3.5911319204144725 0.971524151514866 -0.5441811184263295 0.11136251498559215 0.15153470562660995 0.051402947981504764 0.4372927529989741 0.023846613938033716 -0.026865460660903808 0.0029140076693362207 0.12643325465981756 0.009244790182935964
20.0 20.1618613509881 0.5097917362781548 13.06992539155861 2.5 2.8440371889266527 1.6663043642667523 -0.5468982827206834 0.19976992293823126 0.19229645971228818 0.1327681141997828 0.43020703586347836 0.028336402961662305 -0.023000376073202315 0.004871898049802053 0.13532529598531862 0.009800496553487031
20.0 20.201462841506167 0.5152899909017188 14.11135061029097 2.5 0.6861832691037146 2.7747864621472185 -0.8781897473089082 0.539585125816014 1.2798180702598454 5.234725675300874 0.3588076383783089 0.09511123805285658 -0.03408750770163414 0.027571630676568506 0.08167876477916156 0.03555238030436423
20.0 20.3929099808823 0.518759172061035 15.014799618725688 2.5 -2.8967051443085854 2.876188029757269 -1.2346362714662171 0.4604212121336222 -0.4262208992489336 0.4520663017900255 0.1502466915602358 0.10962324838888524 -0.07699339804310484 0.03529513559326319 -0.1034442944031078 0.04323637057516722
20.0 20.451735772791064 0.5182001618271888 16.015784929081867 2.5 -3.8456178008940745 3.047910105749784 -0.8398011302280133 0.6869427380127378 -0.21837872968883346 0.24872735038375218 0.1318053742070106 0.11753001237580425 -0.08389098902842802 0.03440920733812195 -0.12368826253075302 0.04511614905826057
20.0 20.52826879484354 0.520104260491262 16.997343439707297 2.5 -2.052412773933976 1.8145196978635707 -0.009328099430552524 0.3805349263465507 -0.00454494317567164 0.18545210948064217 0.16477493993336295 0.12611977909209843 -0.0629119663695868 0.04195118588253399 -0.012856528430153816 0.0564394186555446
20.0 20.721995946295305 0.5263435754107609 18.924660086345604 2.5 -1.1502744352715164 1.3508714543806712 0.10835631357026076 0.301639337804822 0.09420040144131675 0.28461280910857417 0.23195113404002646 0.17997420618124735 -0.045217313262539936 0.05365154658410341 0.11765175665381648 0.07095529995086951
20.0 20.889632274375305 0.5312202215375079 20.878113066356907 2.5 nan nan nan nan nan nan 0.02482985529544438 0.22862027055863307 0.03964785865572762 0.06487438081097402 0.05220131126100129 0.10482840873089269
