# target_velocity,velocity,velocity_std,alpha,beta,CL_alpha,CL_alpha_err,Cm_alpha,Cm_alpha_err,SM,SM_err,CY_beta,CY_beta_err,Cn_beta,Cn_beta_err,Cl_beta,Cl_beta_err
22.5 22.535347087992395 0.5090923358762726 -5.256580546657039 2.5 nan nan nan nan nan nan 0.3260329219174376 0.02191371324836855 -0.011122524485411322 0.0034826559961116292 0.06322122287493388 0.006606628733850545
22.5 22.609743126094024 0.5077802775522492 -2.603414449349856 2.5 3.6070565310968306 0.1773402704950481 -0.10147471257933918 0.014172294538648782 0.028132276748233508 0.004165384265792917 0.3275636765464633 0.02072832762750354 -0.01132292341587005 0.0030983174925097684 0.07333439235845178 0.006071191553869193
22.5 22.6031719037526 0.5094404636234743 0.09529915173306297 2.5 4.3126450182125735 0.21116038358230013 -0.24414386055642254 0.024324909517426184 0.056611165427571136 0.006284660252960726 0.3286818139677603 0.021186889876029156 -0.012854796806255434 0.003463331984944972 0.09251128158317176 0.007782641563400137
22.5 22.61491140665251 0.5079587012258772 2.818861107858775 2.5 4.471335153692766 0.3362643392210111 -0.36281843642626876 0.0359247902739541 0.0811431986096202 0.010089156516757703 0.2951396404377649 0.020166873259020474 -0.010801552481784212 0.0032274551451175358 0.10728448069589945 0.007730635794427555
22.5 22.56691666120842 0.5069475268269128 5.530435955425658 2.5 4.338964091729186 0.5063932066459723 -0.4397108355177069 0.05458581458100459 0.10134004942697535 0.017266998619509564 0.2669753704648393 0.018963135058863417 -0.014595086432668419 0.002859809024722577 0.11902254092293366 0.008119275280107578
22.5 22.525805439457642 0.5099301044056443 8.24346705452256 2.5 4.142759149216805 0.6805818394990643 -0.5256024515253566 0.07489654912469096 0.1268725582622206 0.027591189418927707 0.24585281864612096 0.01996168550461616 -0.018623554111874892 0.0030053383414731616 0.1310149812417683 0.009125875080072095
22.5 22.626911044710564 0.5094727923015369 10.937087410786871 2.5 3.5836868883419024 0.9118355269528641 -0.5418555527403928 0.10554975038099332 0.15120058465573652 0.04845133086772035 0.20510805994753425 0.019274732685764788 -0.018892402973267237 0.00298097825776587 0.1360822958491708 0.00910535170054265
22.5 22.66834350396612 0.5121475326986762 13.062881899326065 2.5 2.8235526314653927 1.5620479692175224 -0.5823074349805007 0.19206049350349855 0.20623218724217285 0.13282999144945146 0.15827263189413326 0.021361302517128745 -0.017483691767924844 0.004007565958490269 0.1405325605105284 0.00902770204938965
22.5 22.70565778865779 0.5114323262622066 14.108499926540423 2.5 0.9841854829341756 2.5896424776601887 -0.8517176216576675 0.4753567414394232 0.8654035610426009 2.3277575137343485 0.08733013653060531 0.08207964933091355 -0.0249719108118775 0.023731437029474285 0.1060118864063187 0.03573007185166598
22.5 22.943801172882438 0.5179655637014622 15.002640680971986 2.5 -0.5120390278518159 2.749135182507765 -1.0432184018143138 0.5159585726027726 -2.037380639110621 10.985001015792301 -0.12859348153484668 0.11239348844055155 -0.07214177469667864 0.03355563594231356 -0.09792056530019662 0.044344651629325306
22.5 22.9975454615751 0.5174907018962468 16.00369955880604 2.5 -1.0557057384222712 2.8134634489017802 -0.6431193833761996 0.6453844475505806 -0.6091843209428104 1.7347661430753574 -0.15914169521583033 0.11286698850268684 -0.07917780678199486 0.032256879295274855 -0.11516232716792535 0.0423851193910898
22.5 23.086827506120443 0.5202299018549082 16.9853458568068 2.5 -3.1780633562259237 1.8229605006691953 -0.19934339452022248 0.416501992270834 -0.0627248019236944 0.1359043963179992 -0.11384412300104586 0.12297672890196451 -0.05147105957663309 0.03702058291192492 0.015256902371243613 0.055578058054288344
22.5 23.273145696992902 0.526822177467882 18.929956194803765 2.5 -3.2819746205262175 1.3081260444033311 0.07745435365149186 0.3119059407326126 0.0235999246207069 0.09550043932070744 -0.0013237018985389004 0.20184910893056593 -0.025603553023781422 0.05527538300977828 0.16321235000860274 0.08029127051520067
22.5 23.473039472021618 0.5304100048399929 20.94834237033648 2.5 nan nan nan nan nan nan -0.2512361191424944 0.23704468098865838 0.07757383888541558 0.09089623001284854 0.4466277006907878 0.13174837160272976
