# target_velocity,velocity,velocity_std,alpha,beta,CL_alpha,CL_alpha_err,Cm_alpha,Cm_alpha_err,SM,SM_err,CY_beta,CY_beta_err,Cn_beta,Cn_beta_err,Cl_beta,Cl_beta_err
15.0 14.965773639259195 0.5156000328796423 -5.2287515906306075 5.0 nan nan nan nan nan nan 0.3306554450090257 0.033050743947452124 -0.023068982172335863 0.0045031422691483225 0.044976981413473026 0.006737951102579981
15.0 15.075511364749534 0.5129967016334901 -2.570632558465319 5.0 3.6595623658342427 0.22545957240358025 -0.15038507191118897 0.029199926970263492 0.04109373112894247 0.008371095882995234 0.327644632553379 0.0320163329274055 -0.021053000971145285 0.0043309630160055365 0.05420344582506305 0.005803394647707716
15.0 15.07981265950898 0.5166160514726467 0.1316211879579465 5.0 4.168268475656211 0.2794073327418218 -0.12088143101797066 0.03541829354363037 0.029000394702008797 0.008716654854365612 0.2738285453191003 0.029386788303468962 -0.002395503698205012 0.0038828495450163973 0.059059588495905695 0.005759231873970586
15.0 15.069635488202557 0.511659019757491 2.8461653762467076 5.0 4.21979672767703 0.4495048277086417 -0.2019910131813496 0.048225155476412956 0.04786747471898825 0.012514228980211525 0.29218349903175844 0.02861529883184504 -0.00012470068280869673 0.0031317870088989615 0.07181281809488668 0.005742967512928435
15.0 15.05237727986853 0.5119174125374109 5.555531840833993 5.0 4.297714852805871 0.6675549339825095 -0.42270182964869485 0.06910708193755391 0.09835501984798348 0.02218017782039714 0.37902334044061986 0.03181853255103159 -0.016887936929828467 0.002818991133653764 0.09063874469616734 0.00692878784882808
15.0 15.084408491250908 0.5127352522867954 8.260307560595336 5.0 4.134704067607359 0.8829587004729736 -0.5617360961044958 0.09515192113285795 0.13585883945245864 0.03703131170739826 0.4658866420724343 0.03616276691752083 -0.03076733172543239 0.0032052386095509857 0.10888289659711092 0.00789220348031269
15.0 15.114809345338962 0.5187643377329647 10.94748787661144 5.0 3.5679939440032102 1.19574625104141 -0.5663229969237407 0.13703171316134508 0.1587230824412047 0.06560875439809456 0.511672167592658 0.0396900912124205 -0.03480932229705741 0.0034313857969745245 0.11158154659845188 0.007759370048813563
15.0 15.322259328321595 0.5201207832466669 12.988587647551135 5.0 0.6179923299564447 1.998528779538321 -1.0777096543363314 0.34661545542147515 1.743888398116991 5.66739194376126 0.39195526303465655 0.11717194439864444 -0.04751799928374772 0.033495149819433426 0.044463738928454705 0.051666421599223994
15.0 15.22491729928407 0.5216724025813343 13.974960609237922 5.0 -2.0406405353854873 3.3596067307320054 -1.3537790132949221 0.5838203373990902 -0.663408861002159 1.1290517099323114 0.30031540112582006 0.11716023241738047 -0.0626355557207991 0.03082697344226057 -0.02486677593019317 0.041428212083971155
15.0 15.26669473540124 0.5244121270871112 14.993715722022582 5.0 0.4604295995428737 3.1169707564362925 -0.42987766965665647 0.67772759570958 0.9336447311021056 6.489629575415359 0.13606105759054687 0.19345396748279292 -0.09457258132182776 0.05726245514293829 -0.19129269494063075 0.06165193482226113
15.0 15.365987345408794 0.527723127726027 15.99642135907941 5.0 -0.16181195360285913 3.1343351154510612 -0.46703662854335887 0.6984147139929419 -2.8862925027753117 56.07451822767864 0.10429308379112402 0.22463286852166095 -0.10381365549698174 0.06611627052745456 -0.21461938493752836 0.06668928351605832
15.0 15.41055855739799 0.5248601814352792 16.993627423905743 5.0 -2.302825275793241 2.187695226306696 0.03099867021725616 0.4833991367945735 0.013461147288553287 0.21030485062521695 0.3098715559853346 0.2359755246128025 -0.06044776446361137 0.08789787260540732 0.07202522151646938 0.12073520166346108
15.0 15.627646178078361 0.5321533997665682 18.875731906881516 5.0 -2.045100292531062 1.5041577511538449 0.28250415362083026 0.34751226863739104 0.13813706577255278 0.19798133625647849 0.060229953706286095 0.21822485764802005 0.04546592754113744 0.08822741635796207 0.3966798927994036 0.15132189299981824
15.0 15.72513837588997 0.5359722271337962 20.83580497802616 5.0 nan nan nan nan nan nan 0.16640635318025856 0.2274982748549232 -0.017741890485482685 0.06084166268466138 0.3761264111334242 0.08516826501716597
