# target_velocity,velocity,velocity_std,alpha,beta,fx,fx_std,fy,fy_std,fz,fz_std,tx,tx_std,ty,ty_std,tz,tz_std,dp,p,rho,rho_std,temp,CL,CL_err,CD,CD_err,CY,CY_err,Cm,Cm_err,Cl,Cl_err,Cn,Cn_err,LD,LD_err
20.0 19.961361665265393 0.5086818015151499 -5.405590110879242 0.0 -1.3379278822950966 0.024741674745926638 -0.1698703591332165 0.028009499968363136 13.545734169176553 0.07466951405314039 -0.11769634109272749 0.008816959140936052 0.003914341792615624 0.0027143469107245503 0.03057458312402541 0.003415301724187878 180.88041666666672 101321.97916666669 1.1810000000000005 0.05 25.75 -0.3887922913488511 0.025849299529238135 0.03840146576925244 0.0026416173434959853 -0.004875652019655005 0.0008664118746169444 0.0007052743120204589 0.0004912902591905149 -0.003932646364245796 0.00039330285806934344 0.0010216037477859968 0.00013268187813068974 -10.124412794163499 0.18225906854803223
20.0 19.993127984316953 0.5075762949232028 -2.708633633436407 0.0 -0.9560992097478067 0.022315081013927266 -0.14424801647980762 0.027442619209196682 6.990056368634493 0.07139118402759217 -0.10488104793608985 0.007646838613057328 -0.021726730933323432 0.0024886250663222545 0.03138862093064637 0.0028710245551879995 181.529793814433 101320.42268041238 1.1810000000000005 0.05 25.75 -0.19999291457164717 0.01337837584195276 0.027355010817239796 0.0019178325365940398 -0.004127088497658466 0.0008312175477017327 -0.0039022271106776813 0.0005160748007879013 -0.003493315298496486 0.0003438093968913646 0.0010454734373225403 0.00011798922207230462 -7.311015737036622 0.1774109839604724
20.0 20.022460106791637 0.5081738141617275 0.012808015126729203 0.0 -0.9040153083525346 0.02186563004516602 -0.12507955440399002 0.025801609111255196 -0.43037949352740634 0.07583501273863008 -0.09705259850243765 0.009727335786633623 -0.06922781138337324 0.002167844141223085 0.03243840071569536 0.0027048749948363105 182.05842105263156 101323.51578947368 1.181 0.05 25.76000000000001 0.012277561545957934 0.002310571677607717 0.025789108806782864 0.00181516857749469 -0.0035681809901060967 0.0007729138902557605 -0.012397250471027719 0.0009067505692442688 -0.003223105740523728 0.00038696847182517015 0.00107727559254934 0.00011462784600466542 0.4760754486688109 0.08467349432090053
20.0 19.990524813202352 0.5096824618514781 2.7310814143803204 0.0 -1.0471597897554643 0.022149355833301163 -0.11553371977649123 0.025979091841997665 -7.740130321027839 0.07598910435492474 -0.08755386050128744 0.00867421628365563 -0.1399310267834841 0.002148079788394078 0.03917126504637232 0.002704146086049768 181.45085106382984 101322.7340425532 1.181 0.05 25.76255319148937 0.22151100378235675 0.014841289058913966 0.029968153833158213 0.002084897922843115 -0.003306403016093099 0.0007751055383952359 -0.025138842511263023 0.0017102359324447983 -0.0029169512329295624 0.0003476938549623113 0.0013050329159471645 0.00012489055621589046 7.3915465402231835 0.1630754595146364
20.0 19.97148669703251 0.5098755384856305 5.453552525566009 0.0 -1.3907737123197466 0.023187209164604226 -0.11188093681492532 0.024151660091727947 -15.162933999887786 0.08277299864335937 -0.07304400437964002 0.009953914082586512 -0.23658461740367698 0.002102634964955966 0.047406413617969954 0.002586543067207808 181.138085106383 101323.90425531915 1.181 0.05 25.77 0.43476830655363 0.028935392578901643 0.039877792233946045 0.0027273442500602785 -0.003207973168980274 0.0007244562186446734 -0.04258389289806554 0.002849803659581848 -0.002438181563873017 0.00036952625255447995 0.0015824083670430706 0.00013590748705199476 10.902516969922239 0.17408870579572194
20.0 19.901027797730187 0.5108371978428446 8.172737365161973 0.0 -1.9726018652150883 0.025551016940419533 -0.05906598655957993 0.024748373449574628 -22.332195794619523 0.0874801803996187 -0.04615898475189963 0.010610825036631025 -0.35969440823042526 0.0021717802119450387 0.04350230423575503 0.0034460375454610803 179.86270833333333 101325.47916666669 1.1810000000000005 0.05 25.77791666666666 0.6448754411450294 0.0429863205792814 0.05696181914814528 0.003861560748271062 -0.0017056184035630084 0.0007236026285886648 -0.06520221083065345 0.004356583222811655 -0.0015516990543064046 0.0003713419994013242 0.0014623910102353923 0.0001512922048661097 11.321187609332645 0.13421533463329122
20.0 19.798938086946585 0.5111990924889636 10.880390375243024 0.0 -2.7541567584867908 0.026310634329129064 -0.017604384134251146 0.024991423377124043 -28.92637055963554 0.07474087045376607 -0.0262883676397689 0.011075880361324498 -0.4938846355638176 0.0018197541675359261 0.041492316563845194 0.00413592321853987 177.98717171717172 101328.24242424245 1.1810000000000005 0.05 25.78212121212122 0.843928345615216 0.056396193332013636 0.08035266477565338 0.005420246409226959 -0.000513608810595992 0.0007299322376601026 -0.09045266534436458 0.0060492403244602495 -0.0008928573632624765 0.0003808762993463081 0.0014092438477162315 0.0001690797022421952 10.502804704380182 0.09130719977799798
20.0 19.750029192403638 0.5129330455009964 13.019587021066613 0.0 -3.496945681894034 0.02948487291033183 0.02703425769080854 0.024334377887046177 -33.33395326912466 0.07987072088329407 0.005489852995091758 0.0072483164831287005 -0.6114078678599346 0.0019810605906871257 0.039494092101300206 0.0031580354340117493 176.888085106383 101327.4255319149 1.1809787234042552 0.05000020823858855 25.79 0.9773600576471204 0.0655361048253632 0.1025313441118456 0.006924941218724676 0.0007926513678654827 0.0007154646358983612 -0.11253380708371821 0.007549856388897657 0.000187385212542813 0.0002477253200431537 0.0013480522792147873 0.00014064057579644132 9.53230513179437 0.07119795832704756
20.0 19.731758632253506 0.5103876169400363 14.076270237733791 0.0 -3.963695421772395 0.031543963029178744 0.05835633381140484 0.024874342507219524 -35.12269106719522 0.08418099980797762 0.02997793477903325 0.006816492365118354 -0.6817227788555223 0.003217182232325198 0.038360123369870026 0.003620417703041501 176.23595744680856 101330.29787234042 1.181 0.05 25.7904255319149 1.0316956962584303 0.0690113311877207 0.11642978893895967 0.007838083540018062 0.0017141618883206645 0.0007395910184242762 -0.1257059588139179 0.008424132829777943 0.0010251145121647261 0.0002429586497061338 0.001311748772713527 0.00015171107845123085 8.861097367438452 0.061223006251544684
20.0 19.72070789110264 0.5109227091603048 15.125784830867183 0.0 -4.523388585194437 0.05690863990842798 0.11175241963355603 0.03175460909881402 -36.66923670620685 0.14245347945011924 0.05765039057501448 0.017168910550278655 -0.7585029902615252 0.008004737280095714 0.0360449470784314 0.007592979016242301 175.37729166666668 101325.72916666669 1.18009375 0.05000084960215677 25.8021875 1.079159605271905 0.0723537034006221 0.13312134853528612 0.00906633691980703 0.00328882485409126 0.0009601011562126442 -0.14012813184185083 0.009495160145531223 0.0019751173354218125 0.000602884659255493 0.001234909236847851 0.0002729536034266759 8.106585586352104 0.08832209308396226
20.0 19.76877356033915 0.5152289385370842 16.11069479705612 0.0 -5.562137597415968 0.507509237235468 0.4969402108804106 0.19995141474316774 -36.35140197594845 0.7260544095654489 0.33261255048937877 0.09729639039224208 -0.8304793681776951 0.028585021335923062 0.056727099670527484 0.04555636516223115 174.36893617021278 101324.0 1.1800000000000004 0.05 25.809999999999995 1.0646945365619802 0.07461573262770238 0.16290919165904466 0.018458351650301286 0.014554858926002315 0.005937423344504031 -0.15269222804080482 0.01152524159201917 0.011340947213993677 0.0034038239219168244 0.0019341995424401578 0.0015587405042273607 6.535509296432439 0.5828895497344264
20.0 19.876662500594552 0.5178507615120541 17.02654874172319 0.0 -6.84361615860609 0.4763372374531398 -0.1460093344185291 0.31786076048644485 -33.965145247031764 1.1618130480257782 -0.13611860452715646 0.1739842961123958 -0.9429333961499247 0.04691906531432746 0.015504657054830591 0.07586693354021812 173.54187500000003 101325.51041666669 1.18 0.05 25.82 0.9840334534060416 0.07416630864823061 0.198272293357175 0.0191772846981713 -0.004230162083288571 0.009213398871586743 -0.17149111682194723 0.014334092328322723 -0.004590930425644736 0.005876137629203511 0.0005229322035696308 0.002559037542961987 4.9630406586026 0.27165469753109633
20.0 19.950042788636125 0.5229732259777187 17.953013701345473 0.0 -8.143381530340324 0.2602624409063028 0.2647022164784806 0.31481921074259744 -31.765359984510447 0.7624535370609126 0.1003750747345388 0.11968971063913385 -0.979740920036521 0.04140676759356726 0.014655418826637205 0.04816147456884539 172.23595744680853 101326.3510638298 1.1800000000000004 0.05 25.82574468085105 0.9135439220392468 0.06536988653561328 0.23419651801574617 0.017471793394875153 0.007612603827948077 0.009068456067263315 -0.1768769018422974 0.014072939152049022 0.003360534582159495 0.004013582368983901 0.0004906600758524651 0.0016127743741450142 3.900757918090929 0.06269751714517362
20.0 19.957335725839236 0.5270780830917414 18.96004134449651 0.0 -8.837604206629404 0.2653764728003497 0.2933126173137484 0.30577105525523846 -32.02300157638855 0.7580195838923557 0.13921564416843238 0.10862476563533743 -1.034451796682771 0.04839722966582096 0.009235725735414438 0.047934427304387635 171.31947368421055 101327.9894736842 1.1800000000000004 0.05 25.83221052631578 0.9202805100629323 0.06601552315952819 0.2539760330589362 0.018813353533521437 0.008429249969759764 0.008805800991904022 -0.1866176302354327 0.015359818431004427 0.0046575021626539094 0.003647734902478503 0.00030898404301694856 0.0016037974857794363 3.62349352015187 0.04692260941115429
