# target_velocity,velocity,velocity_std,alpha,beta,fx,fx_std,fy,fy_std,fz,fz_std,tx,tx_std,ty,ty_std,tz,tz_std,dp,p,rho,rho_std,temp,CL,CL_err,CD,CD_err,CY,CY_err,Cm,Cm_err,Cl,Cl_err,Cn,Cn_err,LD,LD_err
25.0 25.049178514863705 0.5075229413441139 -5.267583953201316 0.0 -1.754359050353488 0.027992518377746373 -0.3621487668541241 0.04257717822595109 14.176987083420375 0.09816334750273305 -0.0968346648608427 0.012628598396288122 -0.049468725290360435 0.0046292520214189625 0.04385978361776591 0.00760610186976379 277.4423404255319 101556.71276595745 1.1899999999999995 0.05 23.98 -0.25644564494697913 0.015074550548746108 0.03173436890992262 0.0019204007585873857 -0.006550861162261329 0.0008598797167462527 -0.0056172833100341 0.0006195471969699866 -0.002039149534003505 0.00029135780966223814 0.0009236016611839141 0.0001690000810660207 -8.081006610684303 0.1251321220015357
25.0 25.119590324594594 0.5091922604936574 -2.6100807130042045 0.0 -1.2644275319983669 0.02443393974712844 -0.36535567947038394 0.04205874559020717 5.935985015335491 0.08918001743905403 -0.12427971773939873 0.0129502244968452 -0.08363872101090827 0.0038566413220590913 0.05585783520831666 0.008400077576329233 279.6689130434782 101555.79347826086 1.1899999999999995 0.05 23.989999999999995 -0.10677413248060098 0.006437276204321694 0.022744018467857025 0.001398792680938559 -0.006571872338209729 0.0008482809532297033 -0.009444193199479067 0.0007026390282360452 -0.0026024377497902078 0.00031084838297732625 0.001169672265208245 0.00018869142934173667 -4.694602786728277 0.10637501888261658
25.0 25.111741811440435 0.5066129189162838 0.09123527707971962 0.0 -0.9590372143464272 0.02437468121681954 -0.3876045070934673 0.03949291299664802 -4.859016773918977 0.09155086181544428 -0.1657702515125528 0.015183850998619328 -0.15218832512549219 0.0033329595172538052 0.05317444940051626 0.008072851694831865 279.6502083333333 101555.92708333331 1.1899999999999995 0.05 23.999270833333338 0.0874566994515126 0.005354484876377981 0.017261564081875697 0.0010970794351194651 -0.0069764342170781524 0.000818801078353002 -0.017195319385412144 0.0010701304744763591 -0.0034734265343547726 0.00037704218030281295 0.0011141778564742802 0.00018117713515160476 5.066557064973064 0.16029563064098198
25.0 25.114565957015913 0.5079572864011831 2.8209048926880005 0.0 -1.0767252735699318 0.025259423913831496 -0.47258497679579015 0.03930397550338456 -16.971406688847132 0.09309415984791067 -0.17747703641243887 0.016813555394407615 -0.3050048934158781 0.004010860410315321 0.05101183278466116 0.007679552820425374 279.71468085106386 101554.93617021276 1.1899999999999995 0.05 24.004468085106392 0.3053970565608078 0.017890642084211966 0.0193754551582916 0.001218045967021963 -0.00850407179171169 0.0008638495625206743 -0.0344538721341413 0.0020599378855812984 -0.0037178854992659664 0.0004136173788451585 0.0010686236215953597 0.0001725268610243104 15.762058442798189 0.36694220437553793
25.0 25.10016902591722 0.5070928430143102 5.5324680303270375 0.0 -1.5433285494073377 0.02601013315015348 -0.6622298517897452 0.03888788177814763 -28.411935106834445 0.08566761469479207 -0.21403013367465382 0.01657559441791965 -0.472295530089917 0.0038346813600332935 0.06396458619424794 0.008055255900614074 279.3889473684211 101553.63157894736 1.1899999999999995 0.05 24.01000000000001 0.5118537412568804 0.029877137861662472 0.02780375532438397 0.0016871294428735108 -0.011930367499995912 0.000987151721194922 -0.053412527258189235 0.0031436079625829726 -0.0044887645598481124 0.00043510392380987473 0.0013415025382852994 0.00018616050591383805 18.409518256981038 0.3004426654631965
25.0 25.182241982080946 0.5148488624978785 8.247575936732622 0.0 -2.3622572140271587 0.04069398894820631 -0.8056927313014536 0.03415410061251683 -40.03488261735292 0.21695747279665561 -0.23900108199512296 0.017244199568601997 -0.6868002721799578 0.004834911806750985 0.05978868957934803 0.007332093516806002 281.1168085106383 101552.60638297872 1.1899999999999995 0.05 24.02 0.7165526951074678 0.04219003925580513 0.042280173253574985 0.002583644217593921 -0.014420456869088369 0.0010433063964846738 -0.07716569234761218 0.00455666448166376 -0.004979850185335082 0.0004629701421092515 0.0012457630500967089 0.00016933377533208337 16.94772371934119 0.23814774535403765
25.0 25.17120895082186 0.5097523612524478 10.943992753594417 0.0 -3.450525795747663 0.03398293430201229 -0.9363089070900087 0.030341483192187033 -50.45877953188995 0.09904049249941586 -0.2329565025050933 0.016179017449129283 -0.9092938208390499 0.0027342070232447852 0.05882763987144741 0.007376115433807706 280.15541666666667 101552.76041666669 1.1899999999999995 0.05 24.03 0.9039136656006023 0.05278222984658252 0.06181238328034691 0.0036583768421861685 -0.016772946634734498 0.0011196492784400706 -0.10225361587505169 0.00597543705085525 -0.004858160783739795 0.00044071055478634385 0.0012268132889623237 0.0001696702663024173 14.623504508812546 0.13302943714515808
25.0 25.194062090641623 0.5105666613431231 13.062941998888641 0.0 -4.65700069361977 0.048815044400406654 -1.0149251695058306 0.043466054053118625 -57.0187201381203 0.11521983473582294 -0.19598785395260288 0.017535212885402492 -1.0990019448802653 0.0069110259549554935 0.06742912204665968 0.010792152236941802 279.4842857142857 101552.38775510204 1.1899999999999995 0.05 24.04 1.0195756012220039 0.059557827770092754 0.08327377869210087 0.004939212585791166 -0.01814830177505918 0.0013140035248781917 -0.12336292396548955 0.0072435106950096174 -0.004079791445318843 0.00043585456078030935 0.0014036418571012617 0.00023913348705988495 12.243657214017093 0.11977185148471862
25.0 25.25222105418285 0.5122811500405858 14.108326879287391 0.0 -5.551085840514253 0.1347955383606512 -0.9778026651993461 0.11319811988053556 -59.69635393958632 0.2744833552417716 -0.14749136556507256 0.034972418992563134 -1.21785168897536 0.01499103805517922 0.07402725182704373 0.024201529840796716 279.67315789473685 101551.48421052632 1.1899999999999995 0.05 24.05000000000002 1.062544192241277 0.062253978666928105 0.09880459410369279 0.006249922982510972 -0.017404053589555067 0.0022567488002141955 -0.13607483680887927 0.008122556110451734 -0.0030561356569333282 0.0007463176422888273 0.0015339021577747633 0.0005094150147615195 10.753995822564336 0.24679132361513922
25.0 25.359444457255258 0.5156133209045154 15.106742450905399 0.0 -6.971908347268495 0.522010019493103 -1.0334121471387807 0.3384306584278694 -60.12461155812688 0.7693633785607742 0.09181514144030646 0.11182712027799199 -1.3645752535468572 0.05820089990097798 0.10507186048142038 0.0749854510678639 279.811052631579 101550.97894736842 1.1899999999999995 0.05 24.05999999999999 1.0611363037605575 0.06351543023840182 0.12304686653360807 0.01168946638325614 -0.018238640012101397 0.006067405478397189 -0.15118218043047382 0.010941808072395316 0.0018864271275029765 0.0023002379958180818 0.002158798699648311 0.0015458081007454134 8.623838490602497 0.6316391009674717
25.0 25.491518649240895 0.5189925169493133 16.101089620546645 0.0 -8.96434821181426 0.5411513530399641 -0.8280763012166258 0.44410891121477103 -60.46544618916949 0.8965562261118104 0.26291525476567734 0.13059964129948645 -1.5924890936613179 0.10224883711641988 0.15470456741757593 0.11148513403567435 279.6144444444445 101550.45454545454 1.1899999999999995 0.05 24.070000000000004 1.0561222775885641 0.06374722036262283 0.15657616783210057 0.013163221527864232 -0.014463629798115427 0.007803073177593076 -0.17460940504111025 0.015167885787087424 0.005346007492705344 0.002673916310816481 0.0031456971840877323 0.0022743512204638 6.745102349937846 0.3886377350969836
25.0 25.63310550178212 0.5204561084133976 17.05249771755085 0.0 -10.626501999465924 0.5135534925250649 -0.2331116945389565 0.6588117194794665 -58.287540180701484 1.2741862659928451 0.8466500140303722 0.24446453217159178 -1.5856325233575688 0.05663574273293879 0.19596027458484067 0.1564308653465213 279.9008510638298 101549.93617021276 1.1899999999999995 0.05 24.07999999999999 1.0068659120563306 0.06281670532872338 0.18356346132450416 0.013919376239660297 -0.0040267991787835715 0.011382824347651845 -0.17194227923779332 0.011775488523598294 0.017025766230348488 0.00501573217876368 0.00394067651358559 0.0031541735190395138 5.485110733864347 0.2082442688535493
25.0 25.88075473454599 0.523551253612247 18.9322707308628 0.0 -14.203752302254166 0.4949091604228587 -1.3906307538031806 0.7425314182560413 -52.73978873963388 1.225980097610898 0.02371127257830229 0.25792530990045337 -1.7358350361156818 0.07441769282340131 0.15422548411589626 0.16785270096251098 279.3572340425532 101548.37234042551 1.1899999999999995 0.05 24.08776595744682 0.8936817138755722 0.05611502529065373 0.2406841969657599 0.01635305925991432 -0.023564396163251157 0.012657132179139247 -0.18464483338499685 0.013366396847327842 0.0004677418027217802 0.005088051831943131 0.003042338015717485 0.0033159080235000814 3.7130884584113706 0.0858230270634727
25.0 26.052824483107926 0.52972694478176 20.94434732946049 0.0 -16.644076641062153 0.5036170462987092 -2.0257716048207115 0.7609655497246507 -54.16268278961181 1.170588654275756 -0.13249074685372103 0.25084214393854976 -1.8512253394715914 0.07555130433210862 0.24336958607965245 0.17590914664341392 279.784 101547.7 1.1899999999999995 0.05 24.099999999999994 0.9057094527393877 0.05646139145674254 0.27832257874826133 0.018324222973656348 -0.03387499283785585 0.012878123652723983 -0.19432659596250954 0.013856839446415348 -0.0025791768207800814 0.004885433444423908 0.004737637987598479 0.00343558306442234 3.254171676666551 0.06029569748344582
