# target_velocity,velocity,velocity_std,alpha,beta,fx,fx_std,fy,fy_std,fz,fz_std,tx,tx_std,ty,ty_std,tz,tz_std,dp,p,rho,rho_std,temp,CL,CL_err,CD,CD_err,CY,CY_err,Cm,Cm_err,Cl,Cl_err,Cn,Cn_err,LD,LD_err
17.5 17.51119646110924 0.517837593050569 -5.2421574029984885 -2.5 -0.8222048588512312 0.023228644019596366 -0.6220396356699254 0.030503040713787354 6.264569160854145 0.07852139133469334 -0.16468998996629167 0.005691430989977429 -0.054010957133604424 0.002005816294482596 0.04007190017924736 0.004369677199892561 134.27947368421056 101610.55789473683 1.1889999999999996 0.05 24.460000000000008 -0.23207215444686807 0.017090746561608843 0.03045873516452201 0.002371971715810871 -0.023043576452683286 0.00201825275955737 -0.012560239584280658 0.0010239115183737653 -0.007102412059691564 0.0005708782011036148 0.0017281387116854867 0.00022636216569499115 -7.619231501023821 0.21041530884625173
17.5 17.63505881797516 0.5120013314824444 -2.5902807916111645 -2.5 -0.5565542985911651 0.022167735575488078 -0.583007907584123 0.03179946905682759 2.403567818083646 0.06763638709113298 -0.15316434542784763 0.006879509387130066 -0.0583971983358834 0.0017111979995323883 0.03701284961739627 0.0048674108479210354 136.5825 101611.33333333331 1.189 0.05 24.460000000000004 -0.08779423972572271 0.006761831018751391 0.02032905464254879 0.0016672964029057036 -0.0212953159113446 0.001918364623811237 -0.013390163435912998 0.0010370877399144165 -0.006512896208734069 0.0005510046259560842 0.0015738705197623354 0.00023573354484271022 -4.318658258804078 0.19844231158017714
17.5 17.536751419013566 0.5099295641849796 0.11110947329601939 -2.5 -0.4201395606421117 0.022244256526052015 -0.5331896679530089 0.031673824937310295 -2.8834750772598934 0.078392936634432 -0.17929613773171282 0.007593265034604777 -0.07105669367627607 0.0020524287511157597 0.02890381338732181 0.004814320429773203 135.0845833333333 101612.77083333331 1.189 0.05 24.460000000000004 0.1065077908819751 0.008173791191001919 0.015518822000236658 0.0013840156460054787 -0.01969458799995389 0.0018348058331586188 -0.016476099068595706 0.0012746109250120089 -0.007709797040685792 0.0006424628126120656 0.0012428741507614363 0.0002254158798332309 6.863136317972517 0.4084745884116486
17.5 17.577866990883603 0.5087318516914677 2.829706991101807 -2.5 -0.5047482234307022 0.021937042685260238 -0.5270555292312802 0.026999016261446754 -8.536300924365154 0.0736555144668013 -0.19200221934638204 0.006209682402075416 -0.14290587807508337 0.0022121831005931427 0.030138376928799667 0.003785058966840964 135.72463917525775 101612.9175257732 1.189 0.05 24.460000000000004 0.31383460944779334 0.02261635604498994 0.018556920963001638 0.0015534415884510195 -0.019377042543272372 0.0017050660891056045 -0.03298112275495051 0.0024142725933569654 -0.008217584979404615 0.0006452158697263697 0.0012899052646206067 0.0001864416693445672 16.911997958794434 0.7299364842857956
17.5 17.555454070125048 0.5126592321193952 5.539651527336119 -2.5 -0.726980422797011 0.022803691548551403 -0.550946018133685 0.02709993619505199 -14.073761185642207 0.06970430211576324 -0.21924570913186606 0.005661756938363192 -0.2238901073356506 0.0018415360118457698 0.03739797980515942 0.003921272904872618 135.37707070707071 101615.0505050505 1.1889999999999998 0.05 24.460000000000004 0.5187397283338436 0.03742125575346373 0.026795511310115785 0.002103644983008063 -0.020307122168937052 0.0017702097943812568 -0.05180342350604707 0.003752487941800992 -0.00940756595198947 0.0007193155188868595 0.0016047016969285446 0.00020407823991151476 19.359202454853328 0.5915532793022332
17.5 17.61634928669038 0.5191113312298005 8.250713493975024 -2.5 -1.111387043128702 0.030294984635875984 -0.631846380562789 0.025722620718349992 -19.657829210334842 0.13923315706857645 -0.24063910677377603 0.007595206914988162 -0.3073816038366594 0.0026195428261144085 0.05450604881105083 0.003909329765970741 136.26479166666667 101616.95833333331 1.189 0.05 24.460000000000004 0.71956030805658 0.05234475822482795 0.040681501226154895 0.0031471750974301762 -0.023128269727929494 0.0019210477792803678 -0.07063073701013002 0.005148958675145641 -0.010254268491029313 0.00080988849819149 0.0023226468315438965 0.00023670388607220747 17.687653758312177 0.4210625437522095
17.5 17.531170910709005 0.5165961036596309 10.941326023402013 -2.5 -1.6309526092279074 0.050365652352698576 -0.6300514063869148 0.02538976486918624 -24.38683273430769 0.22059421020076336 -0.23952063755234834 0.007422378412262997 -0.40559162439008334 0.004067876599314661 0.0556252941763076 0.003556232861264821 134.56680851063828 101619.56382978724 1.1889999999999996 0.05 24.460000000000008 0.9013573800450537 0.06576506949447418 0.06028134882654102 0.004744763153040015 -0.023287217784361165 0.0019295522936170642 -0.09410545995426647 0.006878239022800319 -0.010306029816833697 0.0008116254021931435 0.0023934302538998536 0.00023117315525444167 14.952508488798095 0.3703060151651654
17.5 17.644917616552764 0.5135858259639514 13.052893038758887 -2.5 -2.2980785148459755 0.05053037198079841 -0.5546432495133793 0.05619497206282781 -27.68041467458598 0.11151650772233469 -0.22897011648000454 0.014655438511389852 -0.5134917921872837 0.009265342322756697 0.0472933292365667 0.0118821574235589 135.63105263157897 101621.7894736842 1.1889999999999996 0.05 24.460000000000008 1.0099428263349364 0.0726416427549579 0.08384729555926901 0.006297297991589158 -0.02023661775325315 0.002513123173302304 -0.11760937095216883 0.008708470111048385 -0.009725452970103842 0.0009355635413869193 0.002008773268585173 0.0005249038489140806 12.045025657637815 0.24992816603904053
17.5 17.772160870791485 0.5172369393575281 14.02846602451107 -2.5 -3.4963222523765807 0.4213884058684878 -0.3328594536871924 0.2581432797551733 -27.415103052605414 0.6734254208628029 -0.072945859014932 0.07942786934110824 -0.6466136783391193 0.06685831667066487 0.07155224424395318 0.06631106710403234 135.6342105263158 101623.77894736842 1.1889999999999996 0.05 24.460000000000008 0.9859908348375308 0.07483074734011654 0.1257460783520272 0.017641406123576637 -0.011971371035696649 0.009323899487368593 -0.14598630177254893 0.0183777965831874 -0.0030541507836780134 0.003332768254178177 0.0029958018972243085 0.002784682394050749 7.84112592423949 0.9186247160401402
17.5 17.831727737269336 0.5202307091260725 15.056565892173401 -2.5 -4.016663553916065 0.24845350198839342 -0.2988279801865684 0.24281688596810452 -28.356266689749035 0.49511614843357415 -0.04305213247661135 0.06557367313437723 -0.7162746733811929 0.04912939288074245 0.08334096120998331 0.05732231197983294 135.85181818181815 101626.36363636365 1.1889999999999998 0.05 24.460000000000004 1.0130378449516788 0.07497743602068575 0.14349675276633164 0.013612617907967276 -0.010675737267236977 0.008708636577292761 -0.16063509603218348 0.015964886054070846 -0.0017905156524671319 0.002730213606285107 0.0034661069488067468 0.0023970037930120523 7.059656928971051 0.4039947392533828
17.5 17.863024349978595 0.5220656936477915 16.073014616081895 -2.5 -4.462377766680764 0.25670301732972683 -0.2744676172080049 0.21330634416844288 -28.910161621212293 0.3817210494665422 -0.01870003711563001 0.05570287797832619 -0.7663268476217051 0.043834648801519285 0.09033828735415242 0.05380890621703866 135.7040425531915 101628.4255319149 1.1889999999999996 0.05 24.460000000000008 1.0292100205519772 0.07534611133938465 0.15886192450706915 0.014641416231576982 -0.009771125656393249 0.0076262923677473385 -0.1712583484360412 0.01574923650921218 -0.0007750019424640103 0.0023092173510379653 0.0037439684074114373 0.002246285942448735 6.478645048179424 0.3622489777376423
17.5 17.915008807015546 0.5254067604737352 17.063202138037557 -2.5 -5.06628431371487 0.26780164227426584 -0.28436706863765654 0.2033141885592489 -28.737287214725075 0.40438556685771626 -0.08647050323408059 0.07958009142217626 -0.8256228473003837 0.03818660486312503 0.08342434873564251 0.0603135950985292 135.54872340425536 101629.9574468085 1.1889999999999996 0.05 24.460000000000008 1.0171270009166247 0.07479075646876845 0.17931597131267507 0.01604149849091313 -0.010064882656518302 0.007232668969283415 -0.18344054905087886 0.015724701788678155 -0.0035629049572735963 0.0032890617815491204 0.0034373921111909714 0.0024974955665272324 5.672261056674366 0.2891207864325297
17.5 18.158254624195823 0.5278741146760684 18.872926770345906 -2.5 -7.322552983332846 0.30073372083379757 -0.1327789609970045 0.35569142294191725 -24.288689736141198 0.7596363984034235 -0.7289771168530097 0.13236080693132576 -0.7915854694375767 0.046502115007982764 -0.06280642025628569 0.08550903517336093 135.45484848484847 101631.80808080808 1.1889999999999998 0.05 24.460000000000004 0.8367955281225189 0.06550010031751799 0.2522770745338123 0.020857567074201333 -0.004574509452674159 0.012258699594163891 -0.1711974538012701 0.015876065519777157 -0.02923721458732788 0.005708126999746501 -0.00251898824262434 0.003434285910117619 3.316970159372783 0.08630847524303009
17.5 18.28096379477022 0.5321328033541489 20.84353970397883 -2.5 -8.362397249232906 0.30748926990340575 -0.4198844482034242 0.40289898907234384 -23.80260478436426 0.7751600366310468 -0.8014725902345499 0.14364343356893647 -0.7518457616373201 0.0414476587992024 0.053355556546512216 0.091325806491377 135.8278947368421 101632.56842105264 1.1889999999999996 0.05 24.460000000000008 0.8090768508954023 0.06380008746418199 0.2842471273055858 0.022933805820501738 -0.01427233658542861 0.013733285781745465 -0.16042729829997496 0.014524387976821318 -0.03171471407066062 0.006123404213378393 0.0021113089088404037 0.0036169922725088417 2.846385321690823 0.04747981067902071
