# target_velocity,velocity,velocity_std,alpha,beta,fx,fx_std,fy,fy_std,fz,fz_std,tx,tx_std,ty,ty_std,tz,tz_std,dp,p,rho,rho_std,temp,CL,CL_err,CD,CD_err,CY,CY_err,Cm,Cm_err,Cl,Cl_err,Cn,Cn_err,LD,LD_err
10.0 9.964858931346436 0.5378597231176598 -5.384285217745267 0.0 -0.41527401408092324 0.02188529204575996 -0.0501338505756692 0.022413084899006168 3.195677630460565 0.06413311091001715 -0.02983038900768791 0.002154508217813909 -0.0028356722408574226 0.0011840437808192438 0.0066842449581584066 0.0013095526915560551 44.95000000000001 101317.62 1.1800000000000002 0.05 25.88000000000001 -0.3683697563897421 0.04335462666027249 0.04786915486839428 0.006097696661874982 -0.005778991644028061 0.002669093269455452 -0.0020519239483595478 0.0008892185872279605 -0.004003010758222282 0.0005468973416893518 0.0008969747082817219 0.00020421131668143258 -7.695346980795751 0.3996602840467624
10.0 9.990960411163803 0.5460929766158901 -2.671975405865886 0.0 -0.28560168395715063 0.021171471555279982 -0.04902600046329862 0.02155069275854473 1.4376322055603525 0.06378329132039881 -0.02393617593040664 0.00175268876673833 -0.021393190660542585 0.0010217256394468275 0.009168753833832428 0.0010412499619080681 45.29659574468084 101321.75531914894 1.1800000000000004 0.05 25.88000000000001 -0.16485291507058902 0.02066533722668467 0.03274987160645437 0.004542788607325192 -0.005621798857432132 0.0025576004737985067 -0.01539957104838209 0.0019495344186788186 -0.003195291192694772 0.0004416838879519491 0.0012239565107814393 0.00019978171625717142 -5.03369653022089 0.4117864688036288
10.0 9.960415214596068 0.5372541990271552 0.03324913687542687 0.0 -0.25923221954084436 0.021018981634613094 -0.04538061523207545 0.02162881898518176 -0.2762499675912398 0.06358407743746557 -0.021334803586861455 0.001851230469237425 -0.03128254648442719 0.0010044660716494321 0.011691482101008606 0.001054996336843164 45.01583333333334 101320.96875 1.18 0.05 25.88 0.03187209886144787 0.008213526823765594 0.029908691035590754 0.004230503076258614 -0.005235748867888382 0.002568130450806972 -0.02265660070862252 0.002724837940395645 -0.0028655230964498408 0.0004148799205269828 0.0015703079644380524 0.00023065728763527687 1.0656467320325287 0.2600523838309841
10.0 9.985953342186184 0.5366645236939581 2.750750630870516 0.0 -0.2873666067045758 0.02115767413567613 -0.01464531420523137 0.021443040609058984 -2.0940549479852413 0.06367489281011421 -0.018010977168583027 0.001770881961581362 -0.043301632182065765 0.0009129194313127881 0.0057160882099150405 0.0009711788272709709 45.24659574468085 101320.67021276597 1.1800000000000004 0.05 25.88000000000001 0.24036560487625863 0.028716256564404487 0.03298530838851231 0.004518992621689764 -0.0016810589478228493 0.0024689853187750484 -0.03120130363763792 0.0036643577421332455 -0.0024067354828617425 0.00036512275191532607 0.0007638182087070237 0.00015693662195143137 7.287050405748822 0.5559700171488682
10.0 9.959219469779667 0.5301267474134836 5.473758961407002 0.0 -0.3780108115504937 0.02163428161065554 -0.012183640531194995 0.021161473358722007 -3.935274376827594 0.06369638863083553 -0.01612841128776059 0.002115366232094771 -0.06017141046879373 0.0008860251616947689 0.008348821561216023 0.0008260689598229463 45.001578947368415 101318.4 1.1800000000000004 0.05 25.86999999999999 0.45413787765481617 0.052552745080099404 0.04362314066306761 0.0055872673446847295 -0.001406014453662197 0.0024473810994845723 -0.043590025617139885 0.0050357162257881945 -0.002166761619264918 0.00037736156709899514 0.0011216173621925321 0.000169802183987978 10.410481014249854 0.5807556832105489
10.0 9.892688566435982 0.5382779197753406 8.198461982481826 0.0 -0.5265448552032397 0.022402578169237932 -0.003158709462166516 0.021109473948046537 -5.72451134761739 0.0629358272845119 -0.011572521900409454 0.0016293225735401218 -0.09350324459879748 0.0009686361733232806 0.009832358785249178 0.0008227866368738188 44.40645833333334 101321.46875 1.18 0.05 25.86260416666667 0.6695346540883049 0.07853518763460261 0.06158430057741244 0.007654357382756893 -0.0003694403449819951 0.0024693255432457 -0.06865079095029816 0.008048644816094679 -0.0015756853140306188 0.0002882275867045137 0.001338749105296479 0.00019233582966132485 10.871839865205407 0.43806529081874573
10.0 9.874596643652369 0.532469755202818 10.908364356080765 0.0 -0.721487660129402 0.023478904578971466 0.008558725011175862 0.021124481619438026 -7.4176406085714826 0.06295706439657511 -0.006053530137101809 0.0017749555688680763 -0.12984849401380763 0.0009030252227449265 0.010246684878148308 0.0008161043296783959 44.232 101325.34 1.1800000000000002 0.05 25.860000000000014 0.870743762994295 0.10116506328607483 0.08469416533999638 0.010193359764554316 0.0010046936507078742 0.002482496821576055 -0.09568541086873192 0.011107204100948523 -0.0008272563887931596 0.0002608133644523591 0.0014002797272694714 0.0001968861991286187 10.281036001698347 0.3082545346261582
10.0 9.85479671745338 0.5368520327547599 13.043400155113599 0.0 -0.9060257294282229 0.0244685542965993 0.020911100000457337 0.02106595372230553 -8.486198991166646 0.06217310910316976 0.0001779013948207729 0.0017990133012734538 -0.1539435734698551 0.0008753563211802848 0.009244579493461065 0.0008265250345153153 43.980638297872346 101327.18085106384 1.1800000000000004 0.05 25.85 1.0001869528351093 0.11715331680074946 0.10678457038896771 0.01281212058538849 0.0024645909684251196 0.002499503062604621 -0.11389738720407167 0.013330581765634607 2.4409234690614293e-05 0.00024685288190106394 0.0012684167580544604 0.00018667547056147672 9.366399557463051 0.22825131574517257
10.0 9.847127196531336 0.5388016385754584 14.0801504821859 0.0 -1.024460831121015 0.026569655580050405 0.03126123660832461 0.021767195811691297 -8.771428616453099 0.06579414499875388 0.002700571492894576 0.0025273329947145986 -0.16884953169232136 0.0021662974436002912 0.008479877656999686 0.0013881328568504264 43.78041666666667 101321.64583333331 1.18 0.05 25.839999999999996 1.0354152374678032 0.12175428765679946 0.12093153819229975 0.01453380668282697 0.0036902039726607726 0.002605724717402856 -0.12512045158815974 0.014770416585463039 0.00037111348349961974 0.0003500268159300338 0.0011653077673447094 0.00023471016256144603 8.561995100246998 0.1975318341652871
10.0 9.869539871156652 0.5407341992291497 15.070555458550436 0.0 -1.3611015931858212 0.14257993517286907 0.1130773425586562 0.06367778890650581 -8.733130619122107 0.19681953557809337 0.04306172185181957 0.02560414643324732 -0.20144875409652396 0.020789677530885016 0.010092182185970227 0.012763901857891906 43.40052631578946 101325.82105263158 1.1800000000000004 0.05 25.829999999999984 1.02621759895366 0.12276223982662245 0.15994108754456782 0.02517520718375584 0.013287555635835632 0.007643790020791308 -0.14859982992079088 0.02323716181057327 0.005890711180762619 0.003570285374588868 0.0013805795004148468 0.0017535797223222176 6.416222464835391 0.6623868015283882
10.0 9.901444181398908 0.5531332764346276 16.041692641372986 0.0 -1.6081183528626977 0.08431097814983361 0.17446667250527978 0.06079205216947226 -8.552708242079156 0.16898802710907854 0.10384188529354171 0.026046903478914394 -0.22436073771855006 0.014496108905121392 0.014398382857808032 0.012360302899273985 43.236315789473686 101322.33684210526 1.1800000000000004 0.05 25.82000000000001 0.9985501570604701 0.12093987187356267 0.1877518545438545 0.024499489685428054 0.020369421977337734 0.007503375393368435 -0.16443615404692563 0.02233737120071371 0.014113854227598475 0.003921402427430291 0.001956981772757684 0.0016961696178739163 5.318456957383778 0.2516459138994349
10.0 9.970297641934788 0.5396742562968602 16.910915610952 0.0 -1.9335588474716023 0.09310928510133858 0.06702321225710965 0.09825986081904732 -7.5833546266452725 0.26022192317810505 -0.003019706846635209 0.03867347665367054 -0.23306474056864193 0.01617927794625515 -0.0016916526582704617 0.019082768923080185 43.10894736842105 101324.76842105263 1.1800000000000004 0.05 25.80999999999999 0.8731893557259622 0.10584128415196961 0.22264065013518444 0.02801537032674673 0.007717423015381234 0.011349699286641422 -0.1684642943850844 0.02281058787097764 -0.000404779665405168 0.005184238954314132 -0.000226759295446006 0.0025581049383234244 3.9219673280498113 0.12278057990761493
10.0 9.986875698260345 0.5376036575487315 17.883904912811502 0.0 -2.137197666737689 0.11996328481555203 0.06273027397125922 0.09455121995658315 -7.3829820169734 0.2936721970905663 0.011676846882665688 0.06003660733495169 -0.23727159929923236 0.016675764139697638 0.002855945398500567 0.03080739777504184 42.89323232323232 101322.30303030302 1.1800000000000002 0.05 25.80212121212122 0.8472973259666318 0.10366424395038745 0.24527242026675153 0.031541380739723096 0.007199149784031451 0.01088295710731897 -0.1709361849789077 0.023140264391531468 0.0015600425604169873 0.008023002690601078 0.0003815581737653841 0.004116146818930689 3.454515289754692 0.14080708478777473
10.0 9.986465794126875 0.5405055655585081 18.85725679328952 0.0 -2.32274562742255 0.09061601514159942 0.0716080894352835 0.08956301203206335 -7.161813132263891 0.2215927420209779 0.09551020007053407 0.042313500480541257 -0.23692528471984994 0.013167962832831755 0.008884697626036641 0.0219682494370388 42.57 101323.96 1.18033 0.050002210951116954 25.7944 0.8217528583595907 0.09884802329894078 0.26651391530699753 0.032678273669670806 0.008216376368439601 0.010320827030327235 -0.17065297890226414 0.021987851566168816 0.012757771790019617 0.005843340620752404 0.0011867731891734765 0.0029376491189628496 3.083339409925418 0.08118810273701076
