# target_velocity,velocity,velocity_std,alpha,beta,fx,fx_std,fy,fy_std,fz,fz_std,tx,tx_std,ty,ty_std,tz,tz_std,dp,p,rho,rho_std,temp,CL,CL_err,CD,CD_err,CY,CY_err,Cm,Cm_err,Cl,Cl_err,Cn,Cn_err,LD,LD_err
15.0 14.91524778520805 0.5107135597053114 -5.397195464849301 0.0 -0.7995512374291214 0.023281488949408447 -0.09534379668369711 0.02503669553948703 7.393736995344115 0.07066877127554205 -0.06953848290634237 0.0044817600385891 -0.002645570314528849 0.002041825002839328 0.017271386934083605 0.002190800813401748 100.752828282828 101389.606060606 1.179 0.05 26.33 -0.38074531589876454 0.030884187722256897 0.0411734132095715 0.003526562811161493 -0.004909791085371477 0.001348574362360716 -0.00085521262610294 0.0006636297206155001 -0.004168718972412369 0.0004300476463822526 0.0010353915613741781 0.0001555781480740456 -9.247358579692719 0.2626041928394955
15.0 14.959310697328545 0.5118169709507949 -2.697203451373517 0.0 -0.5684129742878029 0.021696981410011428 -0.06567716819697829 0.023643898505088294 3.6926355626249836 0.06577305201462072 -0.05525901141583151 0.004733535308182633 -0.01934897364940035 0.0014046036445805755 0.016941608786142377 0.0018635094919692491 101.446595744681 101389.053191489 1.179 0.05 26.33 -0.18903612209677137 0.015586195941507005 0.02909861603902084 0.0025925414181993288 -0.003362194014463879 0.001240290432378921 -0.006217997011817231 0.0006740335649950905 -0.0032932014572709133 0.00038712516328720005 0.0010096476450364715 0.0001376235549962572 -6.496395630750156 0.26095818692502143
15.0 14.984003946659383 0.5116650538723719 0.014730983256379693 0.0 -0.5313118726274799 0.021461452231791994 -0.05412956794882418 0.02371201412478584 -0.27674913052671857 0.06720269558277081 -0.05600240169767083 0.005134320507795011 -0.03680884504506512 0.0015762066107992362 0.018573145350447132 0.0019373997085476951 101.78170212766 101389.180851064 1.179 0.05 26.33 0.014120888504045989 0.00361198368814728 0.027109735448741346 0.0024390195882341794 -0.0027619150684331894 0.0012300898403149643 -0.011789955713803703 0.0010738809139849085 -0.0033265131713610344 0.00040561616797111805 0.0011032350536572606 0.00014529090960223908 0.5208788750722241 0.12822246904166743
15.0 14.963347822539117 0.5130192334897116 2.7347566917925574 0.0 -0.6025604774048718 0.02145437901418094 -0.03671567738263148 0.023353272351779555 -4.398193120711015 0.06580162618336131 -0.05154113382703257 0.00503540541828812 -0.07326245146280586 0.001384229956094246 0.022974710551593454 0.001869679083771809 101.501914893617 101384.914893617 1.179 0.05 26.34 0.22503406681599092 0.01845307055247227 0.03083007749125001 0.0027172668841464374 -0.0018785619390859697 0.001204433916751088 -0.023530959955390545 0.0019485789774344009 -0.003069974571255039 0.0003888706548278215 0.0013684560648594783 0.00015676470747152499 7.299172922282099 0.2695590585971627
15.0 14.910924798034632 0.5135285530332814 5.465295666541946 0.0 -0.8071819008164353 0.021966224769615437 -0.02045719332414047 0.02240005079141726 -8.656392484590214 0.06703956582900983 -0.038604892871615365 0.004322396841984253 -0.14356777448739053 0.0014397306245265797 0.025018354280495224 0.001633184587524626 100.792222222222 101386.01010101 1.179 0.05 26.34 0.446025096512759 0.03624313239328337 0.041590464602419885 0.003549464714010337 -0.0010540674585888842 0.0011573191459832587 -0.04643693520583193 0.0037849548001142805 -0.0023156426737561257 0.00031985266958542 0.001500679434384863 0.00015598623754849042 10.724215292531444 0.28359652051734935
15.0 14.853304804533554 0.513536878116988 8.189290756766514 0.0 -1.148901368012049 0.022839829951428414 0.0065623897041038395 0.021829446750322376 -12.724695925352304 0.06572214510287656 -0.02462911053144156 0.00480974137840315 -0.21249336645727737 0.0011523791165549782 0.023591123576751406 0.0016218563149644361 100.014791666667 101386.8125 1.179 0.05 26.34 0.6607432615846667 0.05370589602946939 0.05965791572487803 0.004982465807626387 0.00034075900927739894 0.0011338540261314823 -0.0692651742139001 0.005631109765506072 -0.0014888155415581788 0.0003148303970256626 0.0014260698281835717 0.0001516355396627208 11.075533792226153 0.20787608891880588
15.0 14.826794614610973 0.5098454714463159 10.891743583666315 0.0 -1.5842931435682233 0.02392451195355884 0.03012255946266524 0.021669342556300753 -16.403378574217772 0.06500610290845714 -0.011330194884738883 0.004215830445583871 -0.2833694072715379 0.0012280172808080772 0.02241000684937605 0.0018461419287726924 99.6455319148936 101387.70212766 1.179 0.05 26.34 0.8548113523716759 0.06915001755543113 0.08256053827443337 0.0067862292085085095 0.001569744042343118 0.0011363311727069754 -0.09269881000485743 0.007500637749130539 -0.000687355147307746 0.00026171704500133427 0.0013595206186495764 0.00015687484366885604 10.353752170683055 0.14368218004871294
15.0 14.758512542451628 0.5122458539827075 13.03343340627122 0.0 -1.9974830326466222 0.02517948126718816 0.05554920164246045 0.021919085685440907 -18.83503559865142 0.064660598703493 0.002946738080617726 0.00416479992698661 -0.3416426277828322 0.0012960924655947277 0.02007229789943638 0.0018392708180628551 98.610625 101389.78125 1.179 0.05 26.34 0.9906329843931102 0.08065610539413978 0.10505807475336033 0.008648091811988721 0.002921622904055743 0.0011770821225733673 -0.11279831619732963 0.009185704140012805 0.00018042416771052046 0.0002554262071535554 0.0012289954327343049 0.00015058934123413743 9.429384525832694 0.10697739184930875
15.0 14.777422939923166 0.5120856296341129 14.07982529487918 0.0 -2.247508157553908 0.026969343233857468 0.07523842792941417 0.02234739703059626 -19.731026275211356 0.06863297165571744 0.013292865479750029 0.003571129643839926 -0.3749179031333136 0.0020368536684103014 0.017831377662931903 0.0018663966530166713 98.6647368421053 101387.410526316 1.179 0.05 26.34 1.035103518037999 0.08418132715638733 0.11790585893780285 0.009684004537370623 0.00394706085507713 0.001215434584941421 -0.12346802844646551 0.010054431812433845 0.0008118196435772269 0.0002278521533422549 0.0010889948958608222 0.00014429714865873866 8.779067701665547 0.09302627443096018
15.0 14.759841990766105 0.5154357685487655 15.114465611907058 0.0 -2.6659154926729696 0.06861522663723725 0.13110297022187556 0.04109166559219465 -20.31556291814654 0.15314044389285533 0.034586324093792566 0.017285366040964353 -0.42399419325375926 0.010422408896819559 0.016057467684139317 0.006690119190980139 97.88 101387.0 1.179 0.05 26.34 1.0683091802794258 0.08766239753580693 0.14018917448394863 0.012009716466666698 0.006894148452309186 0.002233057267208558 -0.13996267456262382 0.011942680792724506 0.0021172851073655774 0.0010722145754492112 0.0009829965479255453 0.00041735365478759966 7.620482709966632 0.17630302282884333
15.0 14.842956162497924 0.517015203450504 16.021334968115784 0.0 -3.3120331661930758 0.11508609725369845 -0.190612338666758 0.1184659915409736 -18.828155771065788 0.3611719249662339 -0.25180348418318604 0.04656244290681315 -0.47428347838869744 0.02062624478356168 -0.008945613546359582 0.01904042597799738 97.5114893617022 101383.808510638 1.179 0.05 26.34 0.9790356121544298 0.08202689371722467 0.1722207133702751 0.015267631879044216 -0.009911553204673391 0.0062128655477344434 -0.15481496083865515 0.014309290301828093 -0.01524260790019237 0.0030805734762946193 -0.0005415114892318611 0.0011534341211020096 5.684772714008564 0.12587559250085129
15.0 14.839098578462588 0.5244105805383457 17.035921146340314 0.0 -3.698699320958841 0.1134119165578132 -0.18012323297187863 0.10897038534939686 -19.087124663511272 0.2654620905031397 -0.24100148375121117 0.04238914442017831 -0.5163625750724191 0.028423374151841135 -0.004917201725400448 0.019518167748123025 96.8889473684211 101384.357894737 1.179 0.05 26.3318947368421 0.9930176928359448 0.08300784700942977 0.19242677621390675 0.016922956656271512 -0.009371005868360172 0.005721619517498129 -0.16863800608262788 0.016714828938149483 -0.014596308338580043 0.002835237255400796 -0.00029781141356388863 0.0011823770054899738 5.160496435964191 0.12888150483064564
15.0 14.950933569243437 0.5256099418785984 17.94029314824269 0.0 -4.646952280632371 0.15936131358505565 0.16232248912872382 0.16919915172192912 -17.587279552938465 0.44324090671123245 0.06358480289208948 0.0674376685740173 -0.5495138051919395 0.027376686678135732 0.0093739862125177 0.029111271918768368 96.498125 101386.729166667 1.179 0.05 26.33 0.9013502002117258 0.07741831526517588 0.23815686535911734 0.02119228081352608 0.008319047163300232 0.008698339852629274 -0.17679001163210817 0.01697939517449878 0.0037936307615027533 0.004035542537732772 0.0005592758149154222 0.0017374593804699494 3.7846912321951227 0.07563500828899787
15.0 14.931231787337557 0.527725061083073 18.939683193681887 0.0 -5.045837546684189 0.16142218681729398 0.1582481105208052 0.19523561150259114 -17.529579806938713 0.41102244832673085 0.08873550456150242 0.0789404341246866 -0.5636039623900361 0.028058462938543367 0.023763481322093733 0.03681152644753402 95.5891919191919 101382.696969697 1.179 0.05 26.33 0.9007655073778711 0.07719826901917265 0.259282679216658 0.022926589706361265 0.008131651821365354 0.010054640604952484 -0.1818019359419447 0.017507503256275328 0.005308166060857518 0.004742453611361876 0.001421533642763385 0.0022051845618652195 3.474067415915533 0.06944428667531184
