# target_velocity,velocity,velocity_std,alpha,beta,CL_alpha,CL_alpha_err,Cm_alpha,Cm_alpha_err,SM,SM_err,CY_beta,CY_beta_err,Cn_beta,Cn_beta_err,Cl_beta,Cl_beta_err
15.0 15.008903087743429 0.514354327643727 -5.23855227975441 2.5 nan nan nan nan nan nan 0.3920469136857642 0.03428356209534174 -0.02157670234407836 0.004294664484265193 0.07528032803168627 0.009195928549671217
15.0 15.04850404651121 0.52016971724641 -2.5846065526114965 2.5 3.7623413441207934 0.23265556195672796 -0.13924682069771238 0.027501306126462205 0.03701068243457118 0.007659544025118404 0.36515512235620745 0.033166469115129514 -0.018824322921584587 0.004786202352840342 0.0770645318114516 0.008040365323300533
15.0 15.020857665361675 0.5145754327965657 0.1184485000172778 2.5 4.248315497740323 0.28169436474099646 -0.12999113244241858 0.03551105519636888 0.030598276543152413 0.008601561289015222 0.2910174386331722 0.029648447854872126 -0.0019590452665208613 0.00425020513685182 0.08927093737975138 0.008255289617113208
15.0 15.114218061582557 0.5162751143313989 2.827112539593621 2.5 4.26542523930517 0.45358283481490647 -0.20073769740206127 0.046257524963390466 0.04706159084733157 0.011943781728723554 0.26522123872942743 0.027752267724567164 0.0018308157520166221 0.0035511813054120494 0.09646177356975072 0.008667386208367722
15.0 15.098725437590542 0.5147512056677761 5.532951824401464 2.5 4.293168336985378 0.6689031473882506 -0.3789597731618044 0.06677996567194093 0.08827042021555259 0.020763038552788254 0.28753550891603263 0.027589759183734852 -0.00922163409874368 0.0030750901162197196 0.11322694433945917 0.00952652144100334
15.0 15.092569594013584 0.5177371958496965 8.249137706669124 2.5 4.17820589101993 0.891462370835904 -0.5712222348362863 0.09407592206486075 0.13671471673140714 0.03684863389481395 0.3471121246132099 0.030060842184521652 -0.030156358232221743 0.0033889382383986743 0.12974261127723644 0.010545406545924988
15.0 15.122394565414236 0.5155956054256423 10.942737446426705 2.5 3.5669709336587907 1.200174437639001 -0.58717715394719 0.13368098517275567 0.16461506551860178 0.06687579250302493 0.33511500180290393 0.029729414024986425 -0.031565060840756755 0.0035726640267673376 0.13409916042437997 0.011125131753160303
15.0 15.158881511806642 0.520561947388457 13.06098439896446 2.5 2.498414796984861 2.035206261193423 -0.5531249236887242 0.24919813557989634 0.22139034893495144 0.20608894992036836 0.2601497909065628 0.04975901672533326 -0.024054878571777107 0.01030232804850739 0.1259399243297832 0.014803936590391862
15.0 15.291422905937669 0.5227576377288462 13.975714486060895 2.5 -1.1858096033855285 3.37015784866761 -1.2419070308756022 0.5500222657174649 -1.0473072804688994 3.0124475668750117 -0.03691608859751964 0.13896468034085627 -0.07695852487850215 0.039965363732383 -0.1268594111390474 0.047718219777021724
15.0 15.326617618625603 0.5215744485015151 14.989765266678173 2.5 -1.6384966116435178 3.452245946265627 -1.1716336606731894 0.5898507605114586 -0.7150662701084046 1.5490278186885935 -0.09010570818697061 0.17240461223795053 -0.09337322815248933 0.052103941927758184 -0.18431577004582933 0.05848422235721258
15.0 15.368519348829292 0.5259367175912205 15.992080217772513 2.5 -4.601491468904884 3.3966059545153904 -0.22069511925892696 0.7121129164085451 -0.0479616491197039 0.1587548367846488 -0.057468986304441194 0.1497698905412815 -0.0857419400078985 0.04414656818405455 -0.13903950376126561 0.050930653352970895
15.0 15.434678542349957 0.523813050932697 16.986253691433994 2.5 -4.440194736553984 2.155918599600518 0.2873187941205766 0.4591464288096654 0.06470860202486603 0.10807462466049751 -0.06869089533257315 0.1931719613646637 -0.08081157048856674 0.058489761306097045 -0.11618186878315023 0.06908372617497457
15.0 15.616187763324728 0.531200347292229 18.871971005675665 2.5 -0.5631094318045923 1.4379017225762056 0.1252764605187625 0.3209189417192789 0.22247267305981724 0.8046813238716974 -0.2196747650509494 0.23803895265213615 0.0696652106029001 0.08860701830483904 0.35480879374388247 0.1541843688263539
15.0 15.689862610025035 0.5320137366545576 20.840127822848668 2.5 nan nan nan nan nan nan -0.03049375520798462 0.22621537213236215 0.011041827566813574 0.06261063494829189 0.27902548188600446 0.08981859831619277
