# target_velocity,velocity,velocity_std,alpha,beta,fx,fx_std,fy,fy_std,fz,fz_std,tx,tx_std,ty,ty_std,tz,tz_std,dp,p,rho,rho_std,temp,CL,CL_err,CD,CD_err,CY,CY_err,Cm,Cm_err,Cl,Cl_err,Cn,Cn_err,LD,LD_err
20.0 20.020078156123407 0.5135877400957641 -5.248571700188603 0.0 -1.1102070049340653 0.024082463271872804 -0.2647632373024106 0.03380563532325095 8.3203645501498 0.07457264691192253 -0.12812311143512312 0.008637083940135161 -0.05655574562992019 0.0023490053560234177 0.027433890828164213 0.005449062566068866 174.17481927710844 100608.48192771085 1.177 0.05 24.442530120481926 -0.23822079869396529 0.016011185518230737 0.03178639563650688 0.002226772155206232 -0.007580450288544697 0.0010916870940733791 -0.010164786895689113 0.0007979300821886161 -0.004270430265803101 0.00040471176717154567 0.0009143902016511155 0.00019156210346689878 -7.4944262765158305 0.15999910489324987
20.0 20.086813671111305 0.5118489741152055 -2.5861704469578615 0.0 -0.7685181913171149 0.022599979570027566 -0.272340423576719 0.03320956013273446 2.9483408580611195 0.07404276162560432 -0.12474368254825838 0.008997735583901602 -0.07991226326547982 0.002537469524786277 0.034814822602488936 0.005087317287137735 175.82000000000002 100608.87777777776 1.1769999999999998 0.05 24.44999999999999 -0.08385412808807247 0.0059486825907442194 0.021857521214524108 0.0015862457271787274 -0.007745667770984944 0.0010752710001221617 -0.01426738601827602 0.001049422974272022 -0.0041302101861524975 0.00040477384690144517 0.0011527039446367505 0.0001849881506689902 -3.836396966749927 0.13851491620608142
20.0 20.079498642508764 0.5113085220182654 0.11852838830146922 0.0 -0.5856188109428047 0.02236525449860113 -0.1896906517408719 0.034071335267064504 -3.991990860332716 0.0790211769908056 -0.13097034548945538 0.009742306219134581 -0.12223018010515865 0.002386989211793817 0.019572135185443654 0.006012805354068621 175.82813953488372 100607.04651162792 1.1770000000000005 0.05 24.449999999999992 0.11361944594190336 0.007863720113726788 0.016667794882409142 0.0012755891435318192 -0.005398946917769269 0.0010337252112947006 -0.021838650837281905 0.001509822787583497 -0.00433953242891158 0.000432465372596112 0.0006484972993150748 0.00020381587500534955 6.8167053136594005 0.2932274470677504
20.0 20.07685595378527 0.5132340953384967 2.2955595324977094 0.0 -0.6568342830580932 0.022445652857949253 -0.1484168348935698 0.031041374297780127 -9.941584953734324 0.072409611368704 -0.12603224997212736 0.010044703814656903 -0.17875474640853267 0.002075579197177461 0.013548599382917878 0.005004627008713443 175.7822222222222 100606.48888888888 1.1769999999999998 0.05 24.44999999999999 0.28303039698031823 0.018926331431834944 0.01869964082682654 0.001397646155987685 -0.004225329853738327 0.0009272870518170399 -0.03194620387774251 0.0021556971249860465 -0.004177014454609209 0.0004334967352604613 0.00044903344560359064 0.00016852976432285314 15.135606057966752 0.5177280355988962
20.0 20.050655209858004 0.507858500376154 3.379294267793799 0.0 -0.7347155258302018 0.02267038540116338 -0.1715479876217915 0.028829991323759775 -12.791910985440921 0.07415773065676359 -0.1345661803066507 0.009123639015754305 -0.21175886542271766 0.002435863466779491 0.019909736775633735 0.004682123084395088 175.3158823529412 100606.1294117647 1.1770000000000005 0.05 24.45 0.3651296907655475 0.024232126888743623 0.020971569693719334 0.0015300489176802014 -0.004896630670983181 0.0008843030832571919 -0.03794351376253289 0.0025462138016298774 -0.004471512837113895 0.0004234431735845395 0.0006615826010140889 0.00016161390103714958 17.410699155957712 0.530948739288082
20.0 20.088202556325175 0.5146549241094193 4.464592605602186 0.0 -0.8474295503392634 0.024105720744316134 -0.2011940985850818 0.028722029895134442 -15.70271127600301 0.12174181782460382 -0.1418818123792872 0.007648397177126907 -0.24586862232780254 0.0028602258778167395 0.02910257192082274 0.00443500474418644 175.98395348837212 100604.61627906976 1.1770000000000005 0.05 24.449999999999992 0.4465410058225156 0.029922317837976737 0.024098516308486716 0.0017443183438181926 -0.005721395087040355 0.0009011861567526285 -0.04389085416670158 0.002965620264129959 -0.004696996801759439 0.0004023015180624746 0.0009634405209714816 0.0001602137979270832 18.52981320950694 0.4968330892862723
20.0 20.09177518687452 0.5149391432222232 5.550217827021832 0.0 -0.9931747196071855 0.02554467123666582 -0.2155904780415189 0.026712479949035833 -18.60438824157669 0.13709004327117857 -0.1499029954052331 0.00870905131808666 -0.2887308008194815 0.0034158409164233364 0.03439706602304723 0.00419076117448263 176.04741935483872 100604.2258064516 1.177 0.05 24.45548387096773 0.5288684167700122 0.035423831972524585 0.028233056347470538 0.002014979901996283 -0.006128607579673109 0.0008620280793184425 -0.05152400077286663 0.0034838918085579795 -0.004960773355883442 0.00043833275035916184 0.0011383097995234551 0.00015803991323610678 18.73224103905402 0.43640984506905006
20.0 20.055086045839797 0.5146997162458973 6.6366077599850914 0.0 -1.1693621221673678 0.029389313169521016 -0.2098236152345746 0.028002990897844925 -21.4576860535357 0.16179612267131585 -0.15217866357813656 0.010699300020607408 -0.3406241617931236 0.003420207824148107 0.03628576045595053 0.004614291199037237 175.39747252747253 100605.13186813188 1.177 0.05 24.453406593406587 0.6122131956317768 0.0410507349744182 0.03336328623117672 0.0023758095809605357 -0.005986516238576655 0.0008929894749610572 -0.061006972630998704 0.004110653290187131 -0.005054525609313592 0.0004895952846692478 0.0012052103834112684 0.00017302336651279747 18.349906882364806 0.39956738090246396
20.0 20.061405542735947 0.5130752541419473 8.266812930824004 0.0 -1.5055869228682153 0.03683121689559603 -0.1861980187431729 0.02640073795920604 -25.777277326508035 0.18954838026149695 -0.15523583153915627 0.00770988699191566 -0.4301078026339702 0.003954159930335233 0.03520919704461689 0.004275399664019419 175.3504347826087 100602.80434782608 1.177 0.05 24.457717391304357 0.7349929746183257 0.04916805373028595 0.042929119199388625 0.0030414415389386756 -0.00530910359269594 0.0008314296252019415 -0.07698527924124454 0.005167493661629509 -0.0051528197709577745 0.00042764284254509044 0.0011687162999174413 0.00016179810524529333 17.121082107568448 0.3482861539383439
20.0 20.12599530739056 0.5104758171301067 10.958177177806302 0.0 -2.2176081276692776 0.028025320466571628 -0.1039898016985696 0.026096988727072456 -32.38597533134648 0.08139673705500902 -0.14746484849400202 0.010026428416180965 -0.5761233467406774 0.0021548267455426965 0.02562403518883771 0.004742164373707311 176.0118604651163 100602.40697674418 1.1770000000000005 0.05 24.460000000000004 0.9175106312141081 0.06075190502804544 0.06282593042779241 0.004232092887930543 -0.002946082297047118 0.0007646060920130363 -0.10245987541513371 0.006790195684193637 -0.004863506151572841 0.00046141492384056947 0.0008451007412393609 0.00016609565741390885 14.604011830252613 0.17057775125794689
20.0 20.164233181276703 0.5112158381462065 13.07009034339322 0.0 -3.050137479403791 0.0448812876843957 -0.029318564731469498 0.047776756907937916 -36.36830062252106 0.11215393198015934 -0.11798743120299515 0.013517468328670422 -0.6919821038559159 0.006441512807346541 0.025606909862933302 0.010007933740935365 175.8058695652174 100599.45652173914 1.177 0.05 24.460000000000008 1.0264278916618796 0.06797056214237067 0.0860844782042029 0.005833556239203728 -0.0008274621598689506 0.001349520900859614 -0.12259832129572028 0.008189620413984246 -0.0038765734638316657 0.0005128407185098246 0.0008413359478484575 0.00033349529659409683 11.923495536873293 0.16157487261823364
20.0 20.202297274066925 0.5135577459676047 14.109361403114896 0.0 -3.657344284334494 0.09700591962566167 0.0315912653367414 0.11854091402901311 -37.82551053118463 0.20768212197353356 -0.07780082909133551 0.03329356330197921 -0.7626205822046974 0.013108805079488682 0.029751896421103253 0.02483875349994512 175.6743010752688 100597.40860215054 1.177 0.05 24.460000000000008 1.0635358704862872 0.07070419349150013 0.1028331616013727 0.007338705483129141 0.0008882482591206494 0.0033335218124534113 -0.13460465837935767 0.009213246604923368 -0.0025465863393076297 0.0011027523678079458 0.000973842745371398 0.0008155812291836454 10.342343402890089 0.2564316396594832
20.0 20.366923572841912 0.5171214827607792 15.069815631876516 0.0 -5.295893184345524 0.31676796990912076 0.3611431414361192 0.20424106913236909 -37.07821411124238 0.6497948917147907 0.14830282262229638 0.0716158217288025 -0.942186064395949 0.05443621028701486 0.05771063618934672 0.05289021061236762 175.84159090909088 100597.82954545454 1.1769999999999998 0.05 24.460000000000004 1.0257388367184215 0.07024934400354776 0.14650660622428713 0.013071959510534296 0.00999073322879382 0.005688749577209274 -0.1636209431852471 0.014377626787099845 0.004776109160973315 0.002327970987698859 0.0018585775598589141 0.0017077740099472475 7.001314569720607 0.384322219721722
20.0 20.423640498588988 0.5194032329182939 16.09238784034546 0.0 -5.928866474545723 0.21665803847864304 0.3743434269635174 0.22307550055145658 -38.08622498528004 0.4320931948610797 0.18496031232384913 0.06259026160799615 -1.0152285935855825 0.04288138389988723 0.0636277613597584 0.05284054498824076 175.9731914893617 100596.4680851064 1.1770000000000005 0.05 24.460000000000008 1.0477808881599617 0.07044623288941101 0.16310760604082644 0.012343537900400096 0.010298471127875526 0.006174807444314385 -0.17532772968387025 0.01377826804208897 0.005923630085698543 0.002042622757584221 0.0020377740323901526 0.0016976768622645598 6.423862832599592 0.21370954662810085
20.0 20.730301941635695 0.5275132141482762 18.335428275795586 0.0 -8.957950211541277 0.274804465133604 -0.0872493466913123 0.49559490056128674 -30.040381832178788 0.7482572451874762 -0.7036046436545554 0.1661037359333723 -0.9774324515427506 0.04804210037040723 -0.06768431218019964 0.11772870831058904 175.895 100595.48863636365 1.1769999999999998 0.05 24.460000000000004 0.8021637858776552 0.05680739214533698 0.2392027936108401 0.017472952717094915 -0.002329806147213642 0.013234697134436374 -0.16384326022323992 0.013521359620874538 -0.021872233636373944 0.00536321732723084 -0.002104032574079235 0.0036623682884807432 3.3534883676262512 0.05820943517290093
20.0 20.886254883573148 0.5302422300980587 20.841338373271117 0.0 -10.815552023568877 0.26254465065015326 -0.11458362506340021 0.46915209703930194 -30.67664756012535 0.6759196088710971 -0.8377436440607443 0.15502452103099956 -1.0195553415775802 0.04250584739712211 0.009570820673548242 0.11081220373010539 176.0070786516854 100594.5617977528 1.1769999999999998 0.05 24.462359550561803 0.8069666899548066 0.05630370213205418 0.2845092573882843 0.020061262494863064 -0.0030141875333413014 0.01234292626652106 -0.16836148198946344 0.013171804940098446 -0.025654626080530287 0.00504204336994596 0.000293091839495813 0.0033935108225398034 2.8363459852327333 0.02745075380815045
