# target_velocity,velocity,velocity_std,alpha,beta,fx,fx_std,fy,fy_std,fz,fz_std,tx,tx_std,ty,ty_std,tz,tz_std,dp,p,rho,rho_std,temp,CL,CL_err,CD,CD_err,CY,CY_err,Cm,Cm_err,Cl,Cl_err,Cn,Cn_err,LD,LD_err
20.0 20.02528883887258 0.5137870205983969 -5.244883140921658 -2.5 -1.079474321147243 0.024045650958570152 -0.7749738967153613 0.03446396955607242 8.284750818250044 0.075996970732781 -0.19206663123743778 0.008973771509318672 -0.06179140604930563 0.0027811227735970155 0.04726186836321399 0.005653576586085827 176.11044943820224 101635.58426966293 1.189 0.05 24.46191011235956 -0.2346850038836269 0.015718004084173495 0.030578642714594945 0.0021399984959450096 -0.021952953800337804 0.001753376359195724 -0.010987988361149031 0.0008809073096014085 -0.006333804353559013 0.0005139542844005611 0.0015585603062210043 0.000213192601959001 -7.674801202723546 0.1677716634823876
20.0 20.087596598789833 0.5115474633867791 -2.594750052933231 -2.5 -0.7291144237545304 0.023535109025628435 -0.7332950437730175 0.033189130938185936 3.270771983713843 0.07678629802518415 -0.19686885125583908 0.008476553941489514 -0.0642526346876541 0.002014468213522735 0.042048694999126446 0.0055866565401305225 177.70614457831323 101635.7469879518 1.1889999999999998 0.05 24.460000000000008 -0.0920784032283195 0.006454403567551959 0.02052594685424183 0.0015089508973242475 -0.02064363919651558 0.0016528982085312859 -0.01135488330195396 0.0008301798441300732 -0.0064519553559549145 0.0005086953043501533 0.0013780560062189215 0.0002044666460370238 -4.48595155595908 0.1676808626700431
20.0 20.09205291832386 0.5112771083912209 0.10425679726382168 -2.5 -0.5430979520686056 0.022673689199911327 -0.7234484560183664 0.036614841025017046 -3.551565489525277 0.08212371589044386 -0.24863840196632755 0.010359167798506754 -0.08534381653477997 0.0027399871746725418 0.041055107622216765 0.006501293025517964 177.84634408602153 101636.95698924732 1.1889999999999996 0.05 24.460000000000008 0.09993892358229198 0.006990877500881489 0.015282450764194856 0.0011937433567138444 -0.020357405818641056 0.001693468931854446 -0.015075479162337122 0.001106716463198176 -0.008144977373165012 0.0006358500780413919 0.00134489652439568 0.00023073863404179644 6.539456604462824 0.31209360111460666
20.0 20.086187059239347 0.509013150196691 2.8292357347522117 -2.5 -0.6575523230161056 0.02278170615038065 -0.7198872010182898 0.03324401795933143 -11.130298027660922 0.0776612293038457 -0.25563098663301365 0.008775199100908316 -0.18807139414043528 0.002603699924081103 0.047561208654987974 0.005569537631915799 177.74023809523808 101637.85714285714 1.1889999999999996 0.05 24.460000000000004 0.31338287053439934 0.020753955750953325 0.018513936823725402 0.0013777032145019697 -0.020269027563810587 0.0016303260025240008 -0.03324110323915706 0.002237005686770203 -0.008378934460984814 0.0006222747569375833 0.0015589356183077915 0.00020944426841581516 16.92686290971906 0.5822178658798169
20.0 20.08810166775435 0.5090679201779666 5.53809023889661 -2.5 -0.9608554685428342 0.023581816929622194 -0.7287703828261439 0.030004619680519855 -18.374225248767544 0.07503263399319365 -0.2851721242092524 0.010826469476508508 -0.2947861764635384 0.0020888461795594343 0.05075235815629494 0.00479592040435001 177.77454545454546 101638.75 1.189 0.05 24.460000000000004 0.5172431018294706 0.034129730190613015 0.027048534358869964 0.001901020983511623 -0.020515229797769544 0.0015933745682373053 -0.05209271701882695 0.0034504942290565625 -0.009345436226258087 0.0007104080718478259 0.0016632163041778649 0.00019157185017553823 19.12277741066781 0.4558898372488273
20.0 20.04543565848652 0.5119189780680522 8.248506340225793 -2.5 -1.4523515265239135 0.03328040924412564 -0.8029301200554992 0.028654636985610025 -25.37839680170031 0.17009379391696763 -0.30919640717946373 0.009549673255052427 -0.3980434343735064 0.0032368770232225675 0.06668843939313032 0.004753148923242051 176.93363636363637 101639.56818181818 1.1890227272727272 0.05000022210694471 24.460000000000004 0.7174445652401124 0.047708692487245075 0.04105782243317086 0.0028746824330545236 -0.022698748679932924 0.0017062875472144314 -0.07063807500571875 0.004708547701418257 -0.01017572687457364 0.0007429665052781971 0.0021947323099462046 0.00021343195411982127 17.47400428768196 0.33508869767735755
20.0 20.108695011688866 0.5083996556067563 10.943922371085836 -2.5 -2.170506498261801 0.027287434378171407 -0.8110490380009 0.02635894475253276 -32.17767811202176 0.07298308252720358 -0.3172808241781193 0.009878426760962568 -0.5409638835583797 0.0020419999901582554 0.06862629897349186 0.004823416916406021 177.61470588235298 101641.28235294118 1.1891529411764703 0.05000129548494729 24.4624705882353 0.9038461980365572 0.05947554610976588 0.06096785602235947 0.004082073591064355 -0.02278174288605504 0.00167117598121104 -0.09538768921019009 0.0062833655551071226 -0.010375057057290426 0.0007549036528447025 0.002244074375830972 0.00021600159233774256 14.824962808353945 0.17498286620728928
20.0 20.162650735441527 0.5119755761176241 13.057313938774918 -2.5 -2.9924766977612753 0.052206496453158543 -0.7279270612619386 0.049473407480564655 -36.30929242824701 0.11533576398702627 -0.2979190196475279 0.013378623589362194 -0.6729191764600083 0.008496682017296005 0.062082394332220875 0.01015683884011508 177.78521739130434 101642.34782608696 1.1894673913043476 0.0500024893047633 24.460000000000008 1.0141806314513644 0.06693845658729855 0.08358499171903437 0.005700104163199037 -0.020332247677369873 0.0019251806581103024 -0.1179898517497356 0.007919985600919706 -0.009687296509470884 0.0007727324392126241 0.002018704823296127 0.000356071369588354 12.133525536025271 0.19978457379882256
20.0 20.30330223999886 0.5149259227187816 14.03951478517686 -2.5 -4.52726647357867 0.5153454703050458 -0.4412448260132086 0.2873045303140956 -36.1812305994513 0.8129905516991326 -0.11112546217960988 0.093460747516894 -0.8406395777466916 0.08042502089354295 0.0915099643650183 0.07326389594469189 177.78829268292685 101643.67073170732 1.1895487804878049 0.05000247614332724 24.462682926829277 0.9965820027693746 0.06936586829980974 0.12469980192929363 0.01640046264889607 -0.012153722942373785 0.007953964772951379 -0.14535292079255066 0.01688396056104554 -0.003563281412319802 0.003006034698552968 0.002934302802150667 0.0023571748948698497 7.991849123661393 0.8858079935134628
20.0 20.365086704315928 0.5171538819766724 15.064604808849984 -2.5 -5.235324919781408 0.3431271481171168 -0.38193612323547693 0.22584535169617465 -37.28223757109259 0.6844935450101781 -0.07083508085913885 0.07630536015776791 -0.9356786101171667 0.0615840033016331 0.10947506562211896 0.05880883170566794 177.89117647058825 101645.0588235294 1.1894823529411762 0.050002496823471874 24.466117647058827 1.0207438238471584 0.06985689430544482 0.1433370399914917 0.013325076867770316 -0.010456961928675224 0.006221694274041736 -0.16081468966610632 0.014981262915736898 -0.0022577196946285062 0.0024366240391733266 0.003489288199124262 0.0018884719447363413 7.121284379164998 0.431826934687591
20.0 20.42929184049003 0.5181411515384239 16.079380696902373 -2.5 -5.834683298761157 0.2649822498300319 -0.3591498540352161 0.23424579334932993 -38.06624417365838 0.5362630483472047 -0.041322807430939724 0.07350279683381275 -1.011907405992905 0.048215620630725264 0.12214541300051557 0.05830304865776425 178.2558695652174 101645.83695652174 1.189891304347826 0.050000968799688 24.461630434782613 1.0353124453466558 0.06973828079910607 0.1586896833400719 0.012696547959380532 -0.00976803258894661 0.006403343563783581 -0.1727652545021889 0.014045312470870194 -0.0013083624192212016 0.002328840187054501 0.0038673671511116176 0.0018634848865796561 6.524132026453048 0.2686795433426096
20.0 20.49342279104674 0.5188727987942108 17.06924672604224 -2.5 -6.61680736881593 0.27584101085693635 -0.39033931670955835 0.25198211661847814 -37.84761258579983 0.5151489913340399 -0.1603822538746764 0.08540109787214312 -1.0924270970425243 0.04560449106518624 0.10378127427960665 0.06550148031146125 178.14882352941177 101646.63529411764 1.1899058823529407 0.050000852587886654 24.4624705882353 1.0229212477623062 0.06873558811299475 0.17883486929507145 0.013930582604176858 -0.010549843269348963 0.0068457024294857555 -0.18534479673168464 0.014443447608586076 -0.0050462278801046145 0.002707478423841716 0.0032653485473010018 0.0020720930806116928 5.71992057138768 0.21786477783903332
20.0 20.6594404903396 0.5235277005656805 18.994397621839784 -2.5 -8.461128786725158 0.3089269663531501 -0.2852108684078243 0.37612390274828744 -35.842846737820615 0.6901262590873205 -0.08182080664306551 0.14168339427179247 -1.153602348778844 0.04613632967871666 0.1260518165707677 0.09592174379779958 178.05 101647.44444444444 1.1898999999999995 0.05000089999190015 24.46522222222222 0.9532355729303704 0.06538620363122248 0.22502255486702497 0.016940302074059006 -0.007585143767775177 0.010015420819559704 -0.1925919372164088 0.014835665669017306 -0.0025331933466837785 0.004389723796150575 0.003902596859835961 0.0029808556724246773 4.236177895561076 0.11917394494333457
20.0 20.869320738817652 0.532271006110924 20.899644745420243 -2.5 -11.14501289742438 0.4109534786658447 -0.08022153868760296 0.47854429556879463 -33.10988926441894 1.014551923766637 -0.9331345913716005 0.1674691373196502 -1.0697518779349704 0.0569248401290785 -0.03712884842774446 0.11173731734428312 177.56555555555556 101648.17777777778 1.1899999999999995 0.05 24.46166666666667 0.8628582598428282 0.06285466064664766 0.2904439322583836 0.021980030234437946 -0.002090608540581417 0.012471839858742555 -0.17500441867625585 0.0148486467501423 -0.02830954294471019 0.005414210269242542 -0.0011264192098032395 0.0033907166441755473 2.9708255673773745 0.054946884806198935
