# target_velocity,velocity,velocity_std,alpha,beta,fx,fx_std,fy,fy_std,fz,fz_std,tx,tx_std,ty,ty_std,tz,tz_std,dp,p,rho,rho_std,temp,CL,CL_err,CD,CD_err,CY,CY_err,Cm,Cm_err,Cl,Cl_err,Cn,Cn_err,LD,LD_err
15.0 15.008903087743429 0.514354327643727 -5.23855227975441 2.5 -0.6315354243806766 0.022533592560366626 0.1951654697927557 0.029280096087189122 4.537397366019874 0.06727019430859808 -0.027266074752176288 0.005327242630321317 -0.046653844622294674 0.0019163779173020801 -0.0014920014229222935 0.003842937740241021 98.4658762886598 101546.9587628866 1.1899999999999995 0.05 24.15 -0.2286163400937481 0.0186892025257207 0.031819853037934234 0.0027987433786201385 0.009833393863812042 0.0016737360612806554 -0.014756117885409255 0.0013321767706819304 -0.0015992999014126548 0.00033788945380181385 -8.751379691705385e-05 0.0002255184525998323 -7.184707604438076 0.2535799101018441
15.0 15.04850404651121 0.52016971724641 -2.5846065526114965 2.5 -0.4791230586176546 0.022702990984907995 0.19367111643327445 0.029325637983865616 1.6431540790552646 0.06733869967629533 -0.00018563939613255254 0.005356263266697055 -0.07022478878532674 0.002355224521409876 0.0009365562893488784 0.0050603338721261154 99.21361702127662 101546.59574468085 1.1899999999999995 0.05 24.15999999999999 -0.08235500360243656 0.007468547899531586 0.0240136830267031 0.002251401655169434 0.009706810636237228 0.001666426534199741 -0.022094611375017482 0.0019349537750565449 -1.0831502005279736e-05 0.00031252312585928056 5.4645250617473236e-05 0.00029528839827764713 -3.4295032340877576 0.2022639497978171
15.0 15.020857665361675 0.5145754327965657 0.1184485000172778 2.5 -0.36000294383644504 0.02182025787938197 0.12783348209328846 0.028568146373408508 -2.2567414228603484 0.06823885571664244 0.00952791445162369 0.0052841790737370616 -0.0912393565986979 0.001774559389284809 0.014554375480368364 0.004512054727718015 98.86473684210527 101546.23157894737 1.1898105263157892 0.05000153571048796 24.17200000000001 0.11354286629109436 0.009750603882234879 0.018112737995748352 0.0018233772669341447 0.006431653984729223 0.0015274790803184706 -0.028816716315880307 0.0023830294958937445 0.000558062368726156 0.0003127347124924788 0.0008524687429912963 0.0002730147540190747 6.2686749136296545 0.4246099350742463
15.0 15.114218061582557 0.5162751143313989 2.827112539593621 2.5 -0.42246995325096953 0.022104296699009762 0.09564780003707106 0.024964167415776797 -6.261583745048675 0.08258990497214881 0.008336643140454516 0.004138859694535261 -0.10736349205552699 0.0015025698161747947 0.018139356983815896 0.0031062426337712637 100.04789473684214 101545.3894736842 1.1890842105263155 0.050000771185188475 24.17999999999999 0.3113476091003873 0.025311820240324936 0.021006667836304605 0.002011916494320653 0.004755939562543136 0.0012986138811272782 -0.03351214253861148 0.002728965501857999 0.00048256896625998067 0.00024268651759330924 0.0010500018533627139 0.0001985574969435721 14.821370601305135 0.7704110961279634
15.0 15.098725437590542 0.5147512056677761 5.532951824401464 2.5 -0.5923801204098268 0.023402747921462175 0.09844474556926278 0.025061234891935426 -10.281495708031123 0.10024654684421463 0.013555303489322344 0.004311223495106432 -0.1531490090044871 0.001925533275097112 0.01031217352339173 0.00315183215464356 99.82670103092784 101543.74226804124 1.189 0.05 24.19 0.5123174986358012 0.04134438889574358 0.02951775793602447 0.002636563286003214 0.0049054113561012936 0.001309149719086434 -0.0479050509482144 0.0038846294530191844 0.0007863193677605227 0.0002578976828888936 0.0005981910896747879 0.00018900803453667954 17.356247034282763 0.6449465987043178
15.0 15.092569594013584 0.5177371958496965 8.249137706669124 2.5 -0.8835422938312468 0.02353402695664964 0.12546389528291235 0.02357872171499568 -14.39850703205798 0.06744559785569955 0.021101954804954352 0.004635195413986628 -0.23482528360739122 0.0018247402186804213 -0.003595133143091998 0.002764696024582072 99.474 101543.55 1.1889999999999998 0.05 24.199999999999985 0.718049783167275 0.05787950299282782 0.044062023312007564 0.0037348763850465383 0.006256851672373732 0.0012791250005861278 -0.07351334294117824 0.0059431588810425155 0.001225086113971509 0.0002865883046931247 -0.00020871752082639717 0.00016138237931665456 16.296341592910817 0.41460395348795
15.0 15.122394565414236 0.5155956054256423 10.942737446426705 2.5 -1.2803256513708237 0.024635418189349955 0.09206963666386918 0.022797727130570707 -18.172977319788426 0.06585612995021699 0.02378330851148867 0.00675959562613185 -0.32372127388844346 0.0015213473139305568 -0.003200280012937449 0.002989980550449342 99.47104166666668 101543.52083333331 1.189 0.05 24.210000000000004 0.902710347923493 0.07239347133353971 0.06359790109603157 0.005239961985652088 0.004573395557784065 0.0011902334394797286 -0.10094337038297879 0.008100855388201402 0.0013753126637185869 0.0004061177932785923 -0.00018506195751159856 0.0001735355023879824 14.194027355720724 0.25589111554863564
15.0 15.158881511806642 0.520561947388457 13.06098439896446 2.5 -1.7280603582022933 0.035674603723150754 0.03342794579733927 0.03060225663547081 -20.586865654478597 0.08455564845809597 0.028409606675284554 0.00718141458108282 -0.3901572463866929 0.004612623008429005 0.00032819003710203267 0.004298547571855025 99.41893617021276 101543.25531914894 1.1889999999999996 0.05 24.217978723404244 1.0176990767712049 0.08206405560514544 0.0854256039099767 0.00710195637241778 0.0016524899976169622 0.001518645851053947 -0.12107460247332356 0.009854910425819197 0.00163493769626666 0.0004337479857889142 1.8886930372889175e-05 0.00024738076759283007 11.913279276827563 0.2290049253161981
15.0 15.291422905937669 0.5227576377288462 13.975714486060895 2.5 -2.7718123947123465 0.1636598241170639 -0.25274639444242264 0.1423023955697231 -19.254881915985433 0.3644158422626391 -0.17947550876906165 0.04495570199061849 -0.5180650623899801 0.03442243989051889 -0.04988534971368932 0.0348329453271833 99.41680851063826 101544.36170212766 1.1889999999999996 0.05 24.22776595744681 0.9354240410324237 0.07714494350559678 0.13465779549097207 0.01341818638120234 -0.012278707014527337 0.006983116869754851 -0.15799240025520278 0.01646311197447095 -0.010150319135666653 0.0026698488922598704 -0.002821288671981576 0.0019829671038500618 6.9466757392084135 0.37251393648031267
15.0 15.326617618625603 0.5215744485015151 14.989765266678173 2.5 -3.108501203399227 0.16611640483896836 -0.31662963859675186 0.19586161784349904 -19.624433892332874 0.35320669535723237 -0.22740971763230958 0.060833824063003035 -0.5489643441230277 0.03476595971715016 -0.06102846526807673 0.046811780615209776 99.38684210526316 101544.56842105264 1.1889999999999996 0.05 24.23221052631578 0.949003817609334 0.07782211563890122 0.15032176343296258 0.014462552236849282 -0.015311663890288204 0.009550419801594393 -0.1666476461101484 0.01700411844809588 -0.01280226100626804 0.0035745835128333475 -0.0034356594313930825 0.002649612572008622 6.313149845614679 0.3049230428077497
15.0 15.368519348829292 0.5259367175912205 15.992080217772513 2.5 -3.43743171415361 0.1857750079458844 -0.3555682812448978 0.20992487800524492 -19.786437630737183 0.3204587132055486 -0.24074484432631266 0.059765833192453384 -0.5734103013536235 0.03384700530564757 -0.0660776512239833 0.04971821582123203 99.4518181818182 101544.35353535354 1.1889999999999998 0.05 24.24 0.9516275812281195 0.07798229954199479 0.16532308083064245 0.01600623737198602 -0.017101036061028193 0.010189351921308336 -0.17312075018411535 0.017257569604744002 -0.01347917282701367 0.0035170788738219994 -0.0036996517343647 0.0027995152912978177 5.756168929630402 0.2937564931944708
15.0 15.434678542349957 0.523813050932697 16.986253691433994 2.5 -3.93767129772239 0.1836938963152635 -0.3394069789071884 0.2471882815337267 -19.783889114873826 0.29535386527566276 -0.18073367912414426 0.07327429755680652 -0.6111005272348706 0.03165840880020121 -0.051764339012076506 0.06078991332439292 99.5710101010101 101544.8383838384 1.1889999999999998 0.05 24.25 0.9433654321104253 0.0766292089871532 0.1877620200818838 0.017363300771919964 -0.01618411877760445 0.01185743186968652 -0.18292167590340566 0.017410445712519797 -0.01003261657294757 0.004145624258881717 -0.002873464248484153 0.0033822691315983327 5.024261198825085 0.2230006127595301
15.0 15.616187763324728 0.531200347292229 18.871971005675665 2.5 -5.599489615866072 0.38485371132721563 -0.4706878267588655 0.32470066890681437 -17.944450853894082 0.8427024780342655 0.004207516784568738 0.2218800185444822 -0.5867121600805398 0.03491870639757564 0.07118240259460525 0.12384666829293706 99.41062500000002 101545.34375 1.189 0.05 24.250937500000003 0.8358793471650288 0.07752591422216816 0.26083259736821574 0.02750587026886798 -0.02192534263395124 0.015226357305794986 -0.17156264615700215 0.017103755493561495 0.00022816347139779453 0.012032031262567041 0.003860049741925201 0.006722997845473328 3.204658296543446 0.17154104082799043
15.0 15.689862610025035 0.5320137366545576 20.840127822848668 2.5 -6.42975519255511 0.1502084112160708 -0.44339306392540145 0.3119498557045843 -17.462461424126285 0.3283622354951775 -0.1501112183303232 0.09627365378128111 -0.5658764607624078 0.02932504133528541 0.08188233590518354 0.07691396205094227 99.17105263157896 101546.04210526316 1.1889999999999996 0.05 24.26000000000001 0.8058062753886908 0.06606142907559322 0.29670141897725966 0.024669402771684588 -0.020460398147610165 0.014487235403542539 -0.16391965762371852 0.0155964880217834 -0.008063900705081646 0.005211649447500656 0.004398678750222092 0.004146662099835824 2.7158827826517773 0.043976904922734435
