# target_velocity,velocity,velocity_std,alpha,beta,fx,fx_std,fy,fy_std,fz,fz_std,tx,tx_std,ty,ty_std,tz,tz_std,dp,p,rho,rho_std,temp,CL,CL_err,CD,CD_err,CY,CY_err,Cm,Cm_err,Cl,Cl_err,Cn,Cn_err,LD,LD_err
20.0 20.034227621198024 0.5139307580529928 -5.244201402218507 2.5 -1.1428062994641672 0.024415112556326606 0.26116393285727624 0.03794399245625662 8.26905835388858 0.07695514805133546 -0.05687303899474562 0.010579407021509302 -0.05368025762662365 0.0026217885614137435 0.00920646626783033 0.006505993466198939 176.27227272727274 101653.43181818182 1.189 0.05 24.6 -0.23403149990167618 0.015677006552553704 0.03234378824221403 0.0022541188292500296 0.007391480905206896 0.0011805383185490867 -0.009537116219007987 0.0007856431243725773 -0.0018738357946910548 0.00037006856282826406 0.0003033318834407646 0.0002152998994484487 -7.2357479633825355 0.1524078717612706
20.0 20.072109256287344 0.5103629754493242 -2.5910873640126577 2.5 -0.8058353032740071 0.0230889098073661 0.2854373900937929 0.03798762575418355 3.141206513143065 0.07507962829631566 -0.033797426544812194 0.009101155899643755 -0.0790621263978858 0.0026779543272365583 0.0029118607276496225 0.006643572745095042 177.40052631578948 101653.67368421052 1.1889999999999996 0.05 24.59999999999999 -0.08856740732449744 0.006215948273746516 0.022720805920562016 0.0016345327420870363 0.008048006232096793 0.0011955068876635855 -0.01399362260193089 0.0010379537975772576 -0.0011093482721520093 0.00030756982394967996 9.55773263589277e-05 0.00021815619050605787 -3.89807507859328 0.13592591271255225
20.0 20.073269775112898 0.5138888093545242 0.11660007881089711 2.5 -0.6298810588830964 0.022881793053472873 0.275218201903472 0.034534587242891254 -3.9646231075866645 0.08094782188784644 -0.022473236123906913 0.010430380036793533 -0.13021292324445252 0.0025565230387695798 0.011173449100955182 0.005605686558071497 177.48555555555555 101654.77777777778 1.1889999999999998 0.05 24.60577777777778 0.11177099883937405 0.007749231101919473 0.01775766149540037 0.0013418048432003204 0.007758975441237489 0.0011009922164785242 -0.0230444070093721 0.0015924714278514607 -0.0007375639392641245 0.00034579207189742436 0.00036670878589224715 0.0001855741744268621 6.294240875597569 0.2622923190384393
20.0 20.117056556809214 0.5119600011601056 2.833623958925228 2.5 -0.7496392165621648 0.023149273857600784 0.2732319938559387 0.03332759264535237 -11.314395135277184 0.10202161699808074 -0.013983507174869835 0.008765264754288293 -0.18609967928668927 0.0025750639546824983 0.019186760333451885 0.005618226515662207 178.26886363636365 101656.15909090907 1.189 0.05 24.610000000000003 0.3175893531024306 0.02116276266396025 0.021041993937960368 0.0015337013079399203 0.00766948397489116 0.0010637385610372946 -0.03279173849331639 0.002212036145568796 -0.0004569382759870716 0.00028800646639879344 0.0006269646862484086 0.00018819524062539954 15.093120644307865 0.4610163764797469
20.0 20.02051615164819 0.5087238272974964 5.544920658202018 2.5 -1.0622809953863006 0.024166729131982083 0.3813053421371986 0.030653636830898633 -18.481822782376717 0.08646037181943914 -0.0003307593810067377 0.0101566814187063 -0.28913586059066165 0.003065375261301245 0.001324392185506638 0.0051758829281435565 176.54065217391306 101657.47826086955 1.1889999999999998 0.05 24.61000000000001 0.5237906341814459 0.0346374381179525 0.030105950197880572 0.0021006611520076584 0.010806518887588447 0.0011237659379368936 -0.051439780932021964 0.003436654774346513 -1.0912692900933451e-05 0.00033509858617273284 4.3695465739596426e-05 0.0001707914241016676 17.398242896791885 0.3802089725414547
20.0 20.12177851279473 0.5085582673838869 8.258563604575306 2.5 -1.5894013537250604 0.026395982227232006 0.47886090839492385 0.02658377439706701 -25.915203665053014 0.08134355576403529 0.006571240955821711 0.009070182276125273 -0.43195381340666394 0.002407930159556337 -0.005403537115369257 0.004263391765444354 178.27 101658.93181818182 1.189 0.05 24.612500000000008 0.7270853004214308 0.04786264996989281 0.04459275627155486 0.0030241966356644194 0.013435075870536871 0.0011561473326937223 -0.07607680669420097 0.00502024080770618 0.00021462730224326346 0.0002965826961680043 -0.00017648821606755817 0.00013973194945826977 16.30500918117118 0.2563309801487384
20.0 20.10083967592194 0.5094003628895954 10.954242338894295 2.5 -2.304668235973167 0.028296342932502744 0.5470160322259525 0.025448428250748965 -32.500270722164 0.08159147386009917 0.02011402533957551 0.008593173495302645 -0.575445440830792 0.002474334757192098 -0.0030669199567768847 0.004095239461876819 177.44812499999998 101659.86458333331 1.189 0.05 24.617812500000003 0.9137387566154611 0.060220878198390476 0.06479529682542451 0.0043408232142951135 0.01537924878865699 0.0012400693430420467 -0.10156017610053084 0.006702809108645762 0.0006583258318409715 0.00028457405566344125 -0.00010037934215794465 0.00013419884869841851 14.101930253939765 0.1599102089956271
20.0 20.1618613509881 0.5097917362781548 13.06992539155861 2.5 -3.1359582779042747 0.03741285630510525 0.6158695157911535 0.03799327837135332 -36.72478973548357 0.09125892795043865 0.06523028768507515 0.010418048854845641 -0.6938045482929206 0.0047850874112918985 0.0003548324828674656 0.00714099720594071 177.71942528735636 101659.6551724138 1.1889999999999994 0.05 24.619999999999997 1.0262697714315803 0.06754596559612272 0.08763397171949568 0.005857745995952605 0.017210398527945245 0.001551936390497848 -0.12170924989867137 0.008048714161096272 0.0021220633714274847 0.00036653120059100124 1.1543364924603916e-05 0.00023231124783980835 11.710866816769746 0.1292039562435071
20.0 20.201462841506167 0.5152899909017188 14.11135061029097 2.5 -3.700329021545469 0.07524090513173015 0.6882651024894261 0.07203492451958757 -38.276504182446 0.15304698133269376 0.11000141567512971 0.022549194192851625 -0.7554386676993462 0.01002578844192988 -0.0012465390662374212 0.014894014172184973 177.71891304347827 101659.71739130437 1.1889999999999998 0.05 24.619999999999997 1.0654426931508663 0.07056828921921107 0.10300022435350249 0.007124443784794422 0.019158150412659506 0.0023716656475462495 -0.1320022286830592 0.008901157176661088 0.0035645354594719385 0.0007677569176224246 -4.039341381153628e-05 0.0004826397373945024 10.344081285631065 0.1985085828709281
20.0 20.3929099808823 0.518759172061035 15.014799618725688 2.5 -5.5529138635869515 0.2255047870635018 0.0971814674070786 0.26595923512635616 -35.62118654457116 0.5957379089943743 -0.3548846814280662 0.08751375501552709 -0.9765185482529081 0.0440644885114339 -0.10156498389442505 0.07622491133122901 177.7886813186813 101658.68131868132 1.1889999999999998 0.05 24.622307692307693 0.9730013531357472 0.06625342075198173 0.1516791894721372 0.01175487248174748 0.0026545353610972298 0.007266853701847033 -0.16744407454830543 0.013388171966930434 -0.011284937343311372 0.002880804502631423 -0.0032296532916294297 0.0024332234921289084 6.414863875010903 0.2138742902315335
20.0 20.451735772791064 0.5182001618271888 16.015784929081867 2.5 -6.1691159799112985 0.2256160066717276 0.0638535555384481 0.29497932307856567 -35.876668818396254 0.5050271024273386 -0.3827845084310011 0.09719190357872222 -1.034750452801577 0.03578891704578934 -0.10923198955680534 0.07412563590224665 177.90258426966292 101657.94382022473 1.189 0.05 24.627752808988767 0.9743505440877112 0.06561175735717505 0.16754291046343203 0.012620198682841886 0.0017341561697311154 0.008011960766895362 -0.1764099064739135 0.013121674270480726 -0.012102199555385072 0.0031745031589478826 -0.003453502705390922 0.0023545807654143077 5.815528340725424 0.18419190357327017
20.0 20.52826879484354 0.520104260491262 16.997343439707297 2.5 -7.115762551906818 0.27124279617461206 0.1420631090615238 0.31956480410731125 -35.39058066196395 0.5398595875068595 -0.19655803344504574 0.13046931982640023 -1.0985663869368631 0.04144777741738922 -0.07089519095988153 0.09606250521606415 177.73666666666668 101656.9191919192 1.1889999999999998 0.05 24.630000000000003 0.9539958901171869 0.06448285000103438 0.1918139827771952 0.014594335955344827 0.003829482863716384 0.008617945709183608 -0.1858957009586479 0.0141078916107665 -0.006168171637516824 0.004114344366533938 -0.002224756212965166 0.0030180872088125233 4.973547164313444 0.16829528088072285
20.0 20.721995946295305 0.5263435754107609 18.924660086345604 2.5 -9.315091512772362 0.2940307674048719 0.47842104820135606 0.4562217156571961 -33.506010653865594 0.6975052226654 0.25112452671232144 0.14083223641069187 -1.0619928597926127 0.05245109844996899 -0.0014078723423223006 0.117234549827967 177.6568131868132 101655.7032967033 1.1889999999999998 0.05 24.630000000000003 0.8863862699258488 0.06129815363704844 0.2464265085247217 0.018016827137676154 0.012656411195890614 0.012097964526416826 -0.17636244823640793 0.014530783498798267 0.0077338592751374415 0.004367082810080446 -4.3358116849143934e-05 0.003610462931521568 3.5969599018886633 0.0803049432884541
20.0 20.889632274375305 0.5312202215375079 20.878113066356907 2.5 -11.268343572227227 0.5182735392543978 0.0029274005408168402 0.5981992118592012 -32.353615000521856 1.3061326796850112 -0.7838450461982029 0.23775921769333033 -1.1145863375484977 0.05947160683738434 0.0770017859263849 0.1495164257615112 177.68304347826088 101655.26086956522 1.1889999999999998 0.05 24.63000000000001 0.8422183314642112 0.0651556559117911 0.2933336976907714 0.023595625488168546 7.620509791485188e-05 0.015572119788165415 -0.18213768660013657 0.015457171591283061 -0.02375411916789586 0.007373758325577222 0.00233350916473566 0.004533653267378337 2.8711952908733553 0.060024700765738855
