# target_velocity,velocity,velocity_std,alpha,beta,fx,fx_std,fy,fy_std,fz,fz_std,tx,tx_std,ty,ty_std,tz,tz_std,dp,p,rho,rho_std,temp,CL,CL_err,CD,CD_err,CY,CY_err,Cm,Cm_err,Cl,Cl_err,Cn,Cn_err,LD,LD_err
20.0 20.02198168704763 0.5128215349814657 -5.2472317481675725 0.0 -1.0861585733354748 0.02408979824477202 -0.25162778510554407 0.03269964797871195 8.277075942366597 0.07965987035204669 -0.12624538745130937 0.007943906074183084 -0.054934098075964465 0.002493567799423103 0.02751440410379813 0.00468448402080788 174.23354166666664 100583.11458333331 1.1769999999999998 0.05 24.47 -0.2369363417938091 0.01593181132818161 0.03109195092156035 0.002181010451800451 -0.00720299865697979 0.0010516465235884983 -0.009871450263151482 0.000795196987749301 -0.004207044392148817 0.00038531070732392397 0.0009168993958915507 0.00016760889708763055 -7.620504174587139 0.16546305520250576
20.0 20.092451364931403 0.5142345368122045 -2.587542797238362 0.0 -0.7553782685637628 0.02264096477978964 -0.25485981803564567 0.034916192918854734 2.9962759742162146 0.07709770302890556 -0.12558943831559619 0.007793178752912511 -0.07908669250710028 0.002736931843893594 0.035078775166853336 0.00589108971221543 175.93206896551726 100580.94252873564 1.1770000000000005 0.05 24.46999999999999 -0.08516964144941232 0.006074459417824011 0.021471752550791926 0.001566569948412319 -0.0072444325919065215 0.0011032998677974481 -0.014112067480986222 0.0010581551302052004 -0.004155879640315656 0.0003780541914831521 0.0011607916197283628 0.00020967695097994394 -3.9665901163839132 0.14577599368570893
20.0 20.094616505009345 0.5108696097481472 0.11690997454941149 0.0 -0.5811518244542455 0.022448569986739816 -0.16907763744160761 0.03377766791718351 -3.943414600604374 0.08171586338866306 -0.1289105737211069 0.008747124361308008 -0.12107759038915734 0.0025133659018660806 0.019630768774091832 0.006159531659631899 176.09886597938146 100579.54639175258 1.1769999999999998 0.05 24.469999999999995 0.11206806001277164 0.007779968776348467 0.016515777349277047 0.0012666733628563616 -0.004805024259107752 0.0010113459351661263 -0.021600181849032184 0.0014997575394173448 -0.004264860117143915 0.0004044692340677621 0.0006494617190567221 0.0002082749183761707 6.785515307136134 0.29744300880239694
20.0 20.077747759556097 0.509713212592809 2.291632740841041 0.0 -0.6543000970108861 0.022277551376382376 -0.12352075059459451 0.030132804994682714 -9.810238395275242 0.0746427056944807 -0.12303943454366574 0.008995154220272344 -0.17842666063114163 0.0020521740462593964 0.013675783755376052 0.004987022200014523 175.799347826087 100579.07608695651 1.177 0.05 24.469999999999988 0.2792662363538768 0.01860950740941573 0.01862583947258705 0.0013865782259081553 -0.0035162422909897576 0.0008888090775861461 -0.03188473726039857 0.0021424321027962104 -0.004077463045709111 0.0004021499767806907 0.0004532083806339758 0.0001679686592908394 14.99348454950943 0.5110675666083285
20.0 20.10213295036388 0.5100716364630666 3.37455422184659 0.0 -0.7257340257646583 0.02302380639209713 -0.14289713526975292 0.030604661334422065 -12.697675759100685 0.08958765275259313 -0.13177020478686458 0.008621519456085216 -0.21213611237717067 0.0023320748217951475 0.02021523522398258 0.004903384903291552 176.231797752809 100578.51685393258 1.1769999999999998 0.05 24.469999999999995 0.360585957386745 0.023999332872477606 0.02060924404223566 0.0015125630272560316 -0.004057963150629108 0.0009096530607582384 -0.03781668068637864 0.002537056444170721 -0.004356208255140036 0.0004054052128802672 0.000668298077738807 0.00016802720024052878 17.4963213909145 0.5451436740581899
20.0 20.13582028060351 0.5151298147487783 4.460594971322349 0.0 -0.8346916481905409 0.024741792526804043 -0.1660762689770013 0.02764541516098085 -15.641848776007919 0.1380772890280574 -0.1423207104796229 0.007429579311202664 -0.24624725175748421 0.0028428817702916536 0.028876553474696767 0.004385232122066944 176.83224489795916 100576.10204081632 1.1769999999999998 0.05 24.469999999999995 0.44270893657343263 0.029699332685090642 0.023624154486389916 0.0017200548607846612 -0.0047004321216597336 0.0008425737647519715 -0.04375078224104585 0.0029530379538961348 -0.004689268983394182 0.00039644980672993855 0.0009514421766156563 0.00015773408373040572 18.7396732792482 0.5159327047656891
20.0 20.05772525042015 0.5095315729670244 5.545414211029492 0.0 -0.970317544170488 0.025057737818061435 -0.1789530174955613 0.029023643952184316 -18.3799499323688 0.11871810943648817 -0.14287352350391574 0.009242041510198567 -0.286897662518007 0.002970297799464482 0.035132872767154794 0.004698430057722442 175.4447252747253 100575.6153846154 1.177 0.05 24.469999999999988 0.5242637461473156 0.03488480934714083 0.027677023742236174 0.0019673712074438493 -0.005104397981594381 0.0008942196029267979 -0.05137084819359183 0.0034434242142771065 -0.004744212067892398 0.00043920026286298225 0.001166610823852859 0.00017409682168652722 18.942200976157327 0.4544215655883283
20.0 20.150423979376804 0.5098272984884864 6.630064736459842 0.0 -1.1586688276254087 0.025760810257712763 -0.179492088459868 0.02834626533627452 -21.440256151789043 0.09874373885856041 -0.15273930889206108 0.010903400250750891 -0.34277735729942027 0.0028334680516579757 0.03717154923160103 0.004830986047535836 177.08935483870962 100574.45161290324 1.177 0.05 24.469999999999985 0.6059411563475441 0.04013148350817524 0.03274611666319151 0.002282738647595555 -0.005072777249796648 0.0008684006132361338 -0.06081305653237193 0.004049223706206324 -0.005025255401585793 0.0004887979478518086 0.0012229761278638625 0.00017830305388695337 18.504214181483583 0.3871765408136724
20.0 20.127161208833066 0.5098422453004041 8.259228119922131 0.0 -1.4771363331900482 0.02468620732807971 -0.1568384521514479 0.027200357172133403 -25.6898679367576 0.07297390482380997 -0.15610484916176715 0.011493637565449832 -0.43038673864528243 0.002808895338366882 0.0360811357195644 0.004817617821058708 176.52531914893615 100573.3085106383 1.1770000000000005 0.05 24.469999999999985 0.7277222943653141 0.048158195423072196 0.04184315170968143 0.0028534982893075812 -0.004442795833957935 0.0008246018181931321 -0.07653267860556046 0.005084598431664236 -0.00514786368767666 0.0005094125210824355 0.0011898462435872242 0.0001772804757608286 17.391670192877413 0.2772146922852529
20.0 20.106875113497495 0.5098761707101404 10.954340183552578 0.0 -2.179906538663274 0.02685947772343777 -0.0712515620662157 0.024749409258802334 -32.194888481282675 0.07370874219696136 -0.14726308577506933 0.008205954556260915 -0.5755817643762954 0.0017742531587143968 0.025712357883424502 0.004340936193675743 175.67652173913044 100573.3695652174 1.177 0.05 24.469999999999988 0.9138325489636215 0.060492957897458836 0.06187533620087753 0.00416390010540427 -0.002022432741721224 0.0007151253781141916 -0.10255833177956106 0.006792351695477616 -0.004866093285493566 0.0004209061561923135 0.0008496272598948982 0.0001540599422971286 14.768930644625108 0.17008073826675263
20.0 20.16188894007361 0.5126422898642047 13.064583774429401 0.0 -2.998987271173262 0.04138332645670016 0.006780915636622399 0.04387313782329755 -36.17286073006756 0.0974717413994142 -0.11662396372605958 0.01203786887451722 -0.6913018648836817 0.005666300930741941 0.025401757221363543 0.009280951849085655 175.78041666666664 100569.73958333331 1.1769999999999998 0.05 24.47 1.021149381393785 0.0677190197172406 0.08466054204612232 0.005730104244544636 0.00019142328441457148 0.001238590921805182 -0.12250628636999478 0.008179344496993235 -0.0038326667256302193 0.00047010561152810806 0.0008347895798117426 0.000309979429224493 12.061691984413137 0.15527018949009158
20.0 20.211592474370768 0.5144202599120199 14.103367980956936 0.0 -3.608830154230634 0.10506591861527562 0.0659419495741712 0.11844784601372454 -37.655805291065555 0.23416445725049756 -0.07838208935035448 0.035933712533889835 -0.7624204109735289 0.01489722694637506 0.028887148906163597 0.02660217335132662 175.84999999999997 100569.01111111112 1.1769999999999998 0.05 24.46999999999999 1.0577906704153026 0.07044012841696144 0.10137578624999738 0.007340748132962505 0.0018523778341584052 0.0033295887936211077 -0.1344455806724947 0.009292882039980258 -0.002563252942551988 0.00118733042997116 0.0009446682277719408 0.0008721966115297605 10.434352319662823 0.28174511222930565
20.0 20.356976262339046 0.5180764901251215 15.061969048173552 0.0 -5.2413440642144 0.2757756450591107 0.4023613990680528 0.28130787963469905 -36.7703802978514 0.5844093158028372 0.1561745576199152 0.07516044723197757 -0.9456388381522589 0.05128026855968856 0.05795436173725228 0.0709723033176597 175.66999999999996 100567.55319148937 1.1770000000000005 0.05 24.469999999999985 1.0182172251817831 0.06941787033180828 0.14513928781963786 0.012284422341756968 0.011141883873941664 0.007824707347676705 -0.16438108514310232 0.014079357382874698 0.0050345358617070795 0.002445799054895227 0.0018682512501084533 0.002291255608978304 7.0154486802161005 0.33561191650413275
20.0 20.480243845970897 0.5222795723566954 16.00203437799133 0.0 -6.106287562077638 0.2010383603709698 -0.5642389381511993 0.352285788491098 -35.13187761264171 0.6026605618618844 -0.6976615674132027 0.11361229370928028 -1.0104022639443493 0.032731253461811716 -0.06996673386056387 0.09124789871535555 176.30076923076922 100565.3956043956 1.177 0.05 24.469999999999988 0.9611694824138686 0.06589604109167514 0.16706130313400802 0.012378208839405979 -0.01543695597827625 0.009692465986373232 -0.17353103096986458 0.012817057711728216 -0.022220316860163902 0.003907567447350399 -0.0022284200085966595 0.002909980679598488 5.7533939002191765 0.12987201749554692
20.0 20.713584564319785 0.5281254130812779 18.336992286327515 0.0 -8.857687671487046 0.23972770747609423 -0.0829525153974657 0.44537488968541206 -30.048005549180708 0.7035870580572705 -0.685593526626752 0.1548207760615829 -0.97698692337012 0.04141309178753947 -0.0680188672756863 0.10459311941892292 175.71382022471914 100570.30337078653 1.1769999999999998 0.05 24.469999999999995 0.8036630217369451 0.056561029443292284 0.23690743893194807 0.016980507031321784 -0.0022186453964770877 0.011912893034418332 -0.16403303114900175 0.012917763511438526 -0.021346755689057275 0.005024412734572967 -0.0021178469247288712 0.003259660996011346 3.3923080902824596 0.038637602180800354
20.0 20.878483067088975 0.5325149878204478 20.836586831125473 0.0 -10.747912224983724 0.2385387014727005 -0.0678883428255106 0.4634226838542503 -30.48080308570702 0.6088997228263374 -0.8131615281067993 0.15925865990942054 -1.0213735513264446 0.041850036059974234 -0.004651787026427395 0.10555718638438503 175.91791666666666 100568.51041666669 1.1769999999999998 0.05 24.47 0.8024119365012761 0.05562628794792991 0.28294048019486046 0.01980443495342595 -0.0017871713051426938 0.01220025190591946 -0.1687873158955698 0.013167170962983058 -0.02492037852710829 0.005153425114020587 -0.00014255998288059305 0.003234949276683933 2.8359743220505487 0.026569112859245837
