# target_velocity,velocity,velocity_std,alpha,beta,CL_alpha,CL_alpha_err,Cm_alpha,Cm_alpha_err,SM,SM_err,CY_beta,CY_beta_err,Cn_beta,Cn_beta_err,Cl_beta,Cl_beta_err
17.5 17.500118733075695 0.523438994495649 -5.229700456173369 5.0 nan nan nan nan nan nan 0.33618925015325996 0.02876206635389553 -0.021511075951461345 0.004035868278999955 0.04190232049728122 0.006115890799935265
17.5 17.615917063376127 0.5238527747736019 -2.5783136510608244 5.0 3.6369771695867863 0.20244314061082413 -0.15429155749633106 0.023379269231581727 0.04242302063003074 0.006848212204242841 0.33083873177983536 0.02775212866309865 -0.020688457608917563 0.0038892280942379506 0.052032045966439504 0.005388286909308015
17.5 17.640781683468166 0.5190544496574568 0.12067729195150848 5.0 4.188350108862409 0.244935072030242 -0.14970532863586458 0.02929738272198719 0.035743269961862334 0.00730060474646592 0.28285317746768474 0.02689611465242846 -0.0036739418538793067 0.004119920090289716 0.0638756844496088 0.005812287583313078
17.5 17.581829105874707 0.5152651417099715 2.834724860940214 5.0 4.243663579060033 0.3984128078066246 -0.2452789363524939 0.04308272533572836 0.057798864538367314 0.011511469793778694 0.31021754349125025 0.02644473465694356 -0.004818399049203249 0.003157735018667422 0.07445369785692166 0.0062204700809175015
17.5 17.572088560034523 0.5111503591535148 5.544268860810032 5.0 4.284264202606069 0.5913772993550015 -0.44655708388111887 0.06255711900589227 0.10423192005980474 0.02049903786550876 0.3974506303953712 0.028925414832738305 -0.020118566773786588 0.002788753225603954 0.09687697583244119 0.006745235171460033
17.5 17.60220781558898 0.509990375124011 8.248174879266408 5.0 4.126866761556525 0.7869488645704269 -0.5526893352916498 0.08612970751593403 0.13392468602092514 0.03298129792696443 0.47590243163715945 0.032500849581119075 -0.030051920537834925 0.0029767201051766057 0.11016635039097983 0.007891221821258544
17.5 17.595724845560387 0.5153520031764306 10.938530118186307 5.0 3.59192701985037 1.0612646667171814 -0.55787961725482 0.1232277468797079 0.15531485305012122 0.05729543558378031 0.5207199881455523 0.036047365920437224 -0.032250523258177705 0.003087460867247015 0.11543363040872515 0.007411774830750902
17.5 17.771802599603127 0.520745116648188 13.037244255142001 5.0 0.6192025151286283 1.7791135336525294 -1.0618490574085917 0.3081474113524338 1.7148655431220452 4.952277328374086 0.5087872059692107 0.0644125947950612 -0.031135972218871762 0.015105541747042596 0.11234634251636845 0.02367669212503297
17.5 17.87547789178678 0.5194249975613063 13.974222646930453 5.0 -1.876246233072753 2.989236972601424 -1.389115930792369 0.5054965470209827 -0.74036973735446 1.209935075754095 0.3394921393207992 0.10920080474951394 -0.06065523681028588 0.03189143694378734 -0.01151356261478119 0.03635457560057591
17.5 17.865308288661023 0.5246785409357388 14.991555952792243 5.0 0.6109829331474929 2.7726266832994617 -0.5151347818810398 0.5784410652923542 0.8431246667191028 3.9414726378046065 0.5190920133927165 0.13834293577827422 -0.03367611770942278 0.03906568389036111 0.15923835777229017 0.05369732274046737
17.5 17.904331861857525 0.5230082476385475 15.994205151867114 5.0 -0.3458160688395115 2.8327340092326616 -0.47972750650883766 0.6163827760428781 -1.387233126900973 11.502385504361829 0.5340276435722627 0.14204940148943687 -0.04141983969427549 0.0431269250728886 0.200888852294226 0.05193684190774644
17.5 17.958493499046046 0.5234990129080237 16.996118527625775 5.0 -1.416252986491945 1.8761982286304337 -0.046304673736008564 0.41898851805617565 -0.03269519935891194 0.29899685924689035 0.3328511836574018 0.2332234641415456 -0.06669029669145318 0.07022970583051111 0.0286417645257943 0.08740697598632072
17.5 18.15073154723366 0.5325583593334673 18.94815265746452 5.0 -1.9722079081787391 1.3870779975888354 0.1678285172961231 0.3251353362395297 0.08509676723236878 0.17538619131843822 0.15524724278198582 0.2112220182476215 0.0436791694573199 0.0913641476177295 0.4460433852342682 0.15482406510198668
17.5 18.313852701549166 0.5340848167910391 20.885377193294584 5.0 nan nan nan nan nan nan 0.16286303867021149 0.22264552820622044 0.022299084543044016 0.06999442301549544 0.11360277684053145 0.10478147554135689
