# target_velocity,velocity,velocity_std,alpha,beta,CL_alpha,CL_alpha_err,Cm_alpha,Cm_alpha_err,SM,SM_err,CY_beta,CY_beta_err,Cn_beta,Cn_beta_err,Cl_beta,Cl_beta_err
25.0 25.049178514863705 0.5075229413441139 -5.267583953201316 0.0 nan nan nan nan nan nan 0.30456173408919335 0.02655619792342233 -0.007450909823033593 0.003175743404182302 0.06232477170038658 0.006979259403382507
25.0 25.119590324594594 0.5091922604936574 -2.6100807130042045 0.0 3.664623523344655 0.16713094362412512 -0.09490538772976063 0.012258587538231018 0.02589771831272362 0.0035475071997652973 0.30143866360628113 0.02680296972729974 -0.006090904486592225 0.003691014644147461 0.0710124790596921 0.007847426797009789
25.0 25.111741811440435 0.5066129189162838 0.09123527707971962 0.0 4.311735482659253 0.20284496882507613 -0.2510835720853763 0.021547913723286034 0.058232601024615985 0.00569913547923221 0.2960575414240359 0.026467773339626067 -0.007514619777676348 0.0036632426088975046 0.08757934963518936 0.009463099889283042
25.0 25.114565957015913 0.5079572864011831 2.8209048926880005 0.0 4.431399384376485 0.32458350850631235 -0.3707046477201856 0.033378809541510346 0.0836540820552434 0.009709818447982712 0.28520128056354455 0.02615478525020762 -0.010326061986887056 0.0032316431399684055 0.09971651668496165 0.010553513285110314
25.0 25.10016902591722 0.5070928430143102 5.5324680303270375 0.0 4.32574920124419 0.48896891876713827 -0.4114223697645159 0.04914425450460244 0.09511008397023592 0.015641355369656672 0.2603181992567352 0.027118005390879597 -0.00837738718544618 0.003095468367159727 0.10856407039076524 0.011276352444546204
25.0 25.182241982080946 0.5148488624978785 8.247575936732622 0.0 4.131985250041829 0.6463361315031957 -0.48471816893799763 0.0679439181764354 0.11730878490747049 0.0246393804803115 0.25565869142685366 0.028438644357612352 -0.012498254433729714 0.0031218125349114704 0.12076770390527812 0.012349242515965902
25.0 25.17120895082186 0.5097523612524478 10.943992753594417 0.0 3.6023917995943693 0.8735927996727363 -0.5649225906481888 0.09741482560199621 0.15681875322717517 0.046663333854175225 0.27532308956889 0.0311651915064673 -0.022885333518591056 0.0035651210593375436 0.1355650174811984 0.013028381866544914
25.0 25.194062090641623 0.5105666613431231 13.062941998888641 0.0 2.241730777596502 1.533133479939163 -0.7651306618636731 0.2885874576039826 0.34131246691630696 0.2665709192229407 0.25008318272794083 0.03886034870845349 -0.023042994927994026 0.006399987138468455 0.13812855843900693 0.014220579396319582
25.0 25.25222105418285 0.5122811500405858 14.108326879287391 0.0 0.268296182334918 2.4784510004922686 -1.2477145310446127 0.4267203094016626 4.650511685205691 42.989660144767946 0.16190214712911202 0.08448887724375506 -0.031109956643516817 0.025443479891137634 0.09233635075808722 0.033601789213907204
25.0 25.359444457255258 0.5156133209045154 15.106742450905399 0.0 0.789837504001246 2.558337339902877 -1.02188135199454 0.5368993509253109 1.293786819210003 4.245436664646916 0.1461861288736191 0.10393009022904297 -0.03198927634198442 0.028996818134713595 0.13654350990973102 0.04070740909026327
25.0 25.491518649240895 0.5189925169493133 16.101089620546645 0.0 -0.04694830158612731 2.537374755310144 -0.815151875951521 0.5254112731116688 -17.362755380109196 938.4567411632371 0.17501513381941167 0.1122572511994969 -0.02834412293498627 0.03242316485414173 0.16470069699609144 0.04080765596445512
25.0 25.63310550178212 0.5204561084133976 17.05249771755085 0.0 -1.712995767703155 1.7158457852050846 -0.46840309471859726 0.35608325082871284 -0.2734408943383722 0.3438452411408694 0.2613092690484403 0.1604819390944189 -0.019565077889000252 0.05077865128373601 0.30507063659079664 0.07464914554092207
25.0 25.88075473454599 0.523551253612247 18.9322707308628 0.0 -2.2602279367781968 1.243724477031632 0.11370944038865799 0.2762474237513232 0.05030883767888612 0.1253169722888278 0.0359207944792554 0.19653722532100837 -0.028441533043903764 0.05543531319461534 0.18476223378043946 0.0799817501648593
25.0 26.052824483107926 0.52972694478176 20.94434732946049 0.0 nan nan nan nan nan nan -0.22923965694737786 0.19750106539069692 0.06241859490100599 0.05629451624695564 0.35381721162349583 0.08993749318936535
