# target_velocity,velocity,velocity_std,alpha,beta,fx,fx_std,fy,fy_std,fz,fz_std,tx,tx_std,ty,ty_std,tz,tz_std,dp,p,rho,rho_std,temp,CL,CL_err,CD,CD_err,CY,CY_err,Cm,Cm_err,Cl,Cl_err,Cn,Cn_err,LD,LD_err
22.5 22.535347087992395 0.5090923358762726 -5.256580546657039 2.5 -1.4633337783283882 0.026821670546151557 0.32308209989582376 0.041387328998866955 10.99309419012352 0.09265737502782893 -0.015216833911039913 0.012809180426540846 -0.048174582108254184 0.003986621103871486 0.016030823291664036 0.00792508439170917 223.70608247422683 101550.36082474228 1.189 0.05 24.35 -0.24589795276158924 0.015318493575212689 0.03273243857230962 0.0021075533152641155 0.007226830368621236 0.0010276284039621017 -0.006764522476968257 0.0006983506450582971 -0.00039624710339595913 0.0003344471660675063 0.00041744342689879857 0.0002079718555607968 -7.512362765712464 0.13454881668599356
22.5 22.609743126094024 0.5077802775522492 -2.603414449349856 2.5 -1.0920032754413138 0.023589651293679733 0.38121662147901625 0.04010185705807246 4.5174369660547615 0.08415597345576543 0.002686420403226556 0.010359527791307157 -0.0838916459851326 0.003278448948102172 0.011501163625042358 0.007292803840039052 225.69291666666663 101551.65625 1.189 0.05 24.352187500000003 -0.10038395714991732 0.006453493723958884 0.02426588590680545 0.001582420239272092 0.008471182505244042 0.0010323649876075277 -0.011702405694061177 0.0008530023915852716 6.949491430025e-05 0.00026802436911540063 0.0002975231946256423 0.0001895433995090607 -4.136834630124272 0.10929579717841427
22.5 22.6031719037526 0.5094404636234743 0.09529915173306297 2.5 -0.8338833232427658 0.023703594387238246 0.3540235890902452 0.036459164179067007 -4.108607287789339 0.0833370455579855 -0.00157214802902875 0.013453549433261774 -0.14457481415721454 0.003372342366802279 0.013133415313624112 0.007491337904444587 225.69268041237115 101552.1237113402 1.189 0.05 24.360000000000007 0.09135226567920672 0.005928565870810485 0.018540864471698032 0.001258639570660941 0.007871488974717655 0.0009447835147525654 -0.020179089091190514 0.0013300467532384513 -4.0693492313781435e-05 0.0003482408182343628 0.00033994542832511396 0.00019503500671735614 4.9270769342310174 0.17205543863692715
22.5 22.61491140665251 0.5079587012258772 2.818861107858775 2.5 -0.9555170018992362 0.023204278402391955 0.23193025699872336 0.03520621070368609 -13.661430043530942 0.08330670538226724 0.0377235767727322 0.011582950465774875 -0.23982923499416162 0.0030900161904048045 0.027914660367190227 0.006205842280204767 225.92957446808504 101553.09574468085 1.1889999999999996 0.05 24.36000000000001 0.30343791661763697 0.018763151883269175 0.021223260480430408 0.0014039709490152204 0.00515146904533694 0.0008437816931628372 -0.033439519755437935 0.002102283218669616 0.000975423883654874 0.00030545708687749817 0.0007217933386940445 0.0001664986255426027 14.29742225033857 0.3455065371086759
22.5 22.56691666120842 0.5069475268269128 5.530435955425658 2.5 -1.326122431268773 0.025494033306986564 0.12368207537779811 0.03355933294998438 -22.859722688091047 0.09367004864618746 0.04231312661651941 0.011605478463066194 -0.3811010802998673 0.0031511860048197855 0.01362934835170293 0.006148347282282036 224.95854166666663 101553.53125 1.189 0.05 24.360000000000003 0.509905826266086 0.03144814049189067 0.029580304331441647 0.0019070749504102695 0.002758835341107411 0.0007675805532953349 -0.05336339118458697 0.0033133951057297286 0.0010987552681764841 0.00030885443802649155 0.00035391660935307914 0.0001611342971174664 17.23801826217502 0.3174472301704858
22.5 22.525805439457642 0.5099301044056443 8.24346705452256 2.5 -1.9451483749985596 0.03428242243590398 -0.04005112227803935 0.0338729954585764 -31.831091565268327 0.16569594262862905 0.04419194701807423 0.011231507351434475 -0.5518119518723772 0.004615805047034537 0.014714455694022532 0.0063368801865253364 224.03082474226807 101554.37113402062 1.189 0.05 24.360000000000007 0.7126139853448725 0.04418966968020707 0.04354672954751187 0.0027981448628008354 -0.0008966387409481801 0.0007603481199593501 -0.0775493454244626 0.004835620626422536 0.0011517355755484582 0.0003012440852944783 0.00038348982656740706 0.00016684385576313013 16.364351416272754 0.24491521803373106
22.5 22.626911044710564 0.5094727923015369 10.937087410786871 2.5 -2.8513356716696068 0.03047022554597773 -0.1996152967671554 0.029784695602748792 -40.4410094268375 0.09215698028362822 0.051362497222786435 0.011453518268566897 -0.740230401050744 0.0028900878031127685 0.01799907288466374 0.00588989796900632 225.47208333333333 101554.95833333331 1.189 0.05 24.37 0.8972943127596881 0.055323842931151376 0.06326467410727135 0.0039561939523218145 -0.004429010874544152 0.000714981127841021 -0.10310128295801693 0.006365240934156823 0.0013266791224006151 0.0003069264026812802 0.0004649110831795136 0.00015480771835922575 14.183180825973102 0.13861152187784126
22.5 22.66834350396612 0.5121475326986762 13.062881899326065 2.5 -3.820712987829958 0.03916043878030841 -0.3003501609559089 0.03515629467968159 -46.11805652163494 0.1044019697647425 0.0947583477774646 0.011044674456457786 -0.8864314953172466 0.004941839122247109 0.021615857081618246 0.006827016364033321 225.410625 101554.52083333331 1.189 0.05 24.37 1.01951799072802 0.06297366618023559 0.08446335171720624 0.005285019173144587 -0.006639750581617746 0.0008786352976751112 -0.12301364838935126 0.007624118602862776 0.0024386429165935914 0.00032163769903520553 0.0005562924849848852 0.00017901998991768977 12.070536747600219 0.11227049621804631
22.5 22.70565778865779 0.5114323262622066 14.108499926540423 2.5 -4.393613809610695 0.044312095961316154 -0.28484965896696246 0.03893607864911038 -48.23024923780758 0.1122110958341677 0.15519470905491575 0.011769236413005734 -0.9520902908369963 0.005797327940239228 0.019956494706505894 0.008135706515084535 225.5008510638298 101553.0744680851 1.1889999999999996 0.05 24.369999999999997 1.0627100726121574 0.06553741016605598 0.0968093203835454 0.006045355627325168 -0.006276405503769059 0.000941082511836316 -0.13169147175817647 0.008155160464764874 0.003980879556347363 0.00038900296859736583 0.0005119014834801631 0.00021105887695582943 10.977352887117112 0.09980970180728535
22.5 22.943801172882438 0.5179655637014622 15.002640680971986 2.5 -6.888402739102277 0.26972296915945077 -1.025089247474155 0.3093075198953221 -44.54992650114124 0.7590675720515312 -0.44770202309281903 0.10468950805233851 -1.2640562849577883 0.050051190167367254 -0.10881094308014269 0.08347675189411605 225.78666666666663 101552.80208333331 1.189 0.05 24.3771875 0.9613459869351721 0.06153584202619855 0.14864532558677918 0.010862483508834312 -0.022120472730396752 0.006812685186801431 -0.17123138219672096 0.012553488055367825 -0.011246790850296375 0.002719932145001483 -0.0027334563078178263 0.002103803476373353 6.467381218617185 0.19947038929258676
22.5 22.9975454615751 0.5174907018962468 16.00369955880604 2.5 -7.6789093468958916 0.2708343032877059 -1.0928252688969353 0.38307816261404376 -44.824980993408595 0.7241688956463593 -0.45339227252266 0.12248304404632702 -1.3343520988181583 0.047321091344981824 -0.12102233443207305 0.0919706160014002 225.65282828282827 101551.0404040404 1.1889999999999998 0.05 24.380000000000003 0.9627656985125773 0.06130589106359263 0.16493014290995692 0.01170621552419583 -0.023472060892038456 0.008353927608540087 -0.1799099413535325 0.01278679822889819 -0.011336564015765169 0.003141143171123972 -0.0030260274044656716 0.0023071626178833536 5.837415050553835 0.15969473517983607
22.5 23.086827506120443 0.5202299018549082 16.9853458568068 2.5 -8.856748528089454 0.3141863783267839 -0.9804832368202206 0.3828704180792347 -44.2225920623271 0.6904789629572888 -0.21310912853952968 0.14957617042082594 -1.4235865355704105 0.05248881629869809 -0.0561095109772531 0.09651622497490218 225.54578947368412 101550.68421052632 1.1889999999999996 0.05 24.38000000000001 0.942495196137196 0.05992985907427467 0.18875969389932296 0.013424332973599636 -0.020896575652862764 0.008260971387988553 -0.19045967833916172 0.013679855545228962 -0.005287420370601878 0.0037253967686731986 -0.001392125120865517 0.002396187339808395 4.993095595079139 0.14970713890777979
22.5 23.273145696992902 0.526822177467882 18.929956194803765 2.5 -11.459770641346175 0.4122316830161133 -0.4596953645156794 0.6492770790137061 -42.505981612508954 1.0460419953704347 0.33693798764836547 0.21997907678125433 -1.405715169109287 0.06924604256068945 0.08096398058641158 0.1418347772109166 225.15247422680412 101551.0824742268 1.189 0.05 24.385876288659787 0.8914630360684375 0.05929161814161939 0.24034174817353193 0.017184038836178774 -0.009641029562698897 0.013630084936258882 -0.18506949745845028 0.014624715809111795 0.00822640532705947 0.005394831558969829 0.001976751050971105 0.003465076627493811 3.709147673440329 0.08466488148505001
22.5 23.473039472021618 0.5304100048399929 20.94834237033648 2.5 -14.144401713615615 0.7141803930116783 -1.1538946333471654 0.8056273671685282 -44.11604127519551 1.23320515080836 0.4347114942258502 0.42839247731402375 -1.4638909323447191 0.07828099395731038 0.20539259014164876 0.30028064383132275 225.41375 101550.94791666669 1.189 0.05 24.39 0.9095390359923918 0.061635676020999244 0.29161468543924934 0.02325661853902148 -0.02378980937805653 0.01667439229543587 -0.18946009622358084 0.015473607665056852 0.010433566017952063 0.0103020561020351 0.00492965375267418 0.0072134959788421734 3.118975419987453 0.1384958678509881
