# target_velocity,velocity,velocity_std,alpha,beta,fx,fx_std,fy,fy_std,fz,fz_std,tx,tx_std,ty,ty_std,tz,tz_std,dp,p,rho,rho_std,temp,CL,CL_err,CD,CD_err,CY,CY_err,Cm,Cm_err,Cl,Cl_err,Cn,Cn_err,LD,LD_err
25.0 25.061956413923124 0.510515956479062 -5.256156111915986 -2.5 -1.708105730057598 0.026817114236744728 -1.1467885695822888 0.04894378030842747 13.576678213492448 0.09578846149882995 -0.2666110599359077 0.013601902272719874 -0.06265760289598962 0.0031437493774418017 0.06120024479667064 0.009135671550974767 277.52833333333336 101658.11458333331 1.18925 0.050001874964845074 24.509999999999994 -0.2454910963045994 0.014476323408621943 0.03088566596940366 0.0018720974761980414 -0.020736028264745913 0.0015023308130535167 -0.007112138752429293 0.0005483695187922984 -0.005612123483803905 0.00043581158320991475 0.0012882561253104439 0.000206565733944296 -7.948382804754503 0.12105780010427826
25.0 25.105309018782403 0.5080068599735926 -2.5994782759138855 -2.5 -1.1607915125512138 0.024226301564617747 -1.0941285073567986 0.04509019029122712 5.361159482336442 0.0952307404643629 -0.29496822569163816 0.01376876849382524 -0.0780376925460001 0.0031573692601312266 0.05797304911790005 0.009410347178810391 279.2321052631579 101658.69473684212 1.1891789473684204 0.05000146923049118 24.514421052631583 -0.09661080329762058 0.005893503494712579 0.020918049697667074 0.001296473544401996 -0.01971674865387512 0.0014086278586112203 -0.008827863517976573 0.000626887467582352 -0.006187981953641338 0.00046243289161424097 0.0012161858481467551 0.0002097857846907548 -4.618537803187038 0.11610124597539472
25.0 25.11489292985737 0.5079267319028077 0.10137360996450843 -2.5 -0.8789478516547441 0.024632670289719286 -1.1598112842575574 0.046440174987330954 -5.395782005611491 0.08809461930095366 -0.3665633261359896 0.013331476777610275 -0.14140539772034716 0.003346539783886387 0.07246477738090791 0.009343052967372702 279.50800000000004 101658.52 1.1889999999999998 0.05 24.52 0.09717514565373778 0.005887723883692694 0.01582938032295657 0.0010246212996450953 -0.020887580402871416 0.0014781173123029358 -0.015986412561945905 0.0010065775337699731 -0.007685226180209256 0.0005283913019742296 0.0015192687444793218 0.00021500734452119903 6.138910283986889 0.1991097183361959
25.0 25.115811210879563 0.5083592390452036 2.8275813878028826 -2.5 -1.0293050266433659 0.024186040811863138 -1.1712609884679739 0.03735947094526108 -17.314220356605826 0.09924625334639078 -0.4082863060256984 0.011994454970119186 -0.28847247420552147 0.003420274452962925 0.08431193206928131 0.007053726721989187 279.52894736842103 101658.74736842106 1.1889999999999996 0.05 24.52 0.3117970396083906 0.01828728305965279 0.01853587707395628 0.0011663237881263037 -0.02109224101874041 0.0014029934836395147 -0.032610514489246366 0.0019423628460141476 -0.008559348256929316 0.000559322618797866 0.0017675223933425858 0.0001803088138973007 16.821272517310717 0.390696252646668
25.0 25.089235667136418 0.5069361394956805 5.538568373974445 -2.5 -1.5077882422126603 0.027229646767968668 -1.1406552678734851 0.03876556113230551 -28.687371891980995 0.08709960451794008 -0.44781367345495376 0.018148286274314213 -0.451649412907487 0.003002775886736434 0.07632768538241272 0.0074836088789284804 278.92833333333334 101658.11458333331 1.189 0.05 24.52 0.5177014345834 0.03023403711228138 0.027210026034475282 0.001661270207397585 -0.020584627646155484 0.0013894862963250974 -0.05116515324245487 0.0030033576558750317 -0.009407902139409865 0.000668146157466044 0.0016035316408837543 0.00018293184272077863 19.02612786652497 0.33361602098628956
25.0 25.04101264884395 0.5127542077715298 8.252610738820422 -2.5 -2.264140375330362 0.04317413664890353 -1.1967280789705441 0.03369186117679669 -39.82023237251131 0.2211236795509522 -0.4939827279055427 0.015794636661448726 -0.6293063909647713 0.004240812955373141 0.08721191374021278 0.007156511976956006 277.7253191489362 101657.21276595745 1.1889999999999996 0.05 24.525531914893637 0.7213789770795813 0.04253310605831478 0.04101691955589634 0.002531497556153008 -0.021679795069356064 0.0014113784147880529 -0.07156588695482323 0.004228421200614882 -0.010417854602536011 0.0006963526969787135 0.0018392566898172613 0.0001855663564620283 17.58735138791963 0.2806668512179905
25.0 25.135748390810967 0.508593481029472 10.94806441192694 -2.5 -3.369873861279715 0.03405539541579243 -1.2230892098363606 0.034499430651443445 -50.491507618919485 0.09114257846729414 -0.5152299088794945 0.0182636430523568 -0.8587962334137388 0.0031870691420281022 0.09615956811900307 0.008970010092238592 279.1345833333333 101657.38541666669 1.189 0.05 24.53 0.9078166931405475 0.0530065403264354 0.06058895622877791 0.0035886613678702906 -0.021990644649982256 0.0014254356256799725 -0.09692910019765752 0.005668316595281857 -0.010784194891741247 0.0007363757872647101 0.0020127005545082575 0.00022146709013599363 14.983204030000474 0.14221892305555595
25.0 25.20104313131885 0.5103759706353301 13.067682602372075 -2.5 -4.618453036378615 0.06029543139214828 -1.1577750033062462 0.04883385689865376 -57.25644248226378 0.12978171252140674 -0.48822181853326585 0.01699646121594748 -1.060198382377473 0.008129450231859847 0.10119481434039959 0.010590485531295494 279.365918367347 101657.5612244898 1.1889999999999998 0.05 24.530000000000005 1.0241198690462487 0.05983983554130142 0.08260816274565913 0.004942307076175231 -0.02070859336289196 0.0014916022226589352 -0.11904133618391895 0.00701009100400933 -0.010166008108036199 0.0006910590101332048 0.0021071309474990714 0.000252517776350293 12.397320494820761 0.1535182436427349
25.0 25.327579080622208 0.5160849230371088 14.074523959391406 -2.5 -6.482983847562474 0.9815132052742601 -0.8356803467037873 0.3370799800675228 -58.17289396155431 1.3244121379320433 -0.297046137230876 0.14393403748570674 -1.2475371476225277 0.11013848385230394 0.12495001807738125 0.08861687951161479 279.254375 101657.23958333331 1.189 0.05 24.5384375 1.030141245699628 0.0647228996933906 0.11480242088337968 0.018635739859377658 -0.01479845224700482 0.006031679590394352 -0.13867999499603073 0.01469181384724963 -0.00612360053216546 0.002988787325673553 0.0025758422726030452 0.0018330520102977014 8.973166574127225 1.343496898950269
25.0 25.45593662972503 0.516253299704646 15.077946789323919 -2.5 -8.171897655900517 0.47596297083413436 -0.6330551200170043 0.32200805196199667 -58.95751126847067 1.0434956474442836 -0.13351841173992307 0.11856694224847063 -1.4795638571971852 0.08354348831278897 0.17123571743864532 0.08801358243565144 279.5085416666667 101656.65625 1.189 0.05 24.54 1.0335332361638152 0.06309463562935373 0.14325448357958548 0.011818181678418362 -0.011097542836940354 0.005681960346487351 -0.1628183099612928 0.013229255930081367 -0.0027247916404350946 0.00242489927083466 0.003494511695732036 0.0018077135590963518 7.214665889250388 0.37861149175332476
25.0 25.496991777028647 0.5172530239917765 16.1031595982104 -2.5 -9.064513333582472 0.31527559949740724 -0.6250933691843381 0.32715736769176085 -60.55413626080636 0.7950253866758658 -0.12901093641662528 0.10809397711824935 -1.594128831401959 0.05845358964907029 0.18773059598641975 0.07957130316510858 279.2093617021277 101656.91489361702 1.1889999999999996 0.05 24.54223404255319 1.0581065255703193 0.0633714747434185 0.1583908433285786 0.010770977023855275 -0.01092271170669452 0.005752179687565042 -0.17486110548824996 0.012063071448673374 -0.002624333007023147 0.002204182487458518 0.003818804925841929 0.0016339445717633602 6.680351612089712 0.19151325195138286
25.0 25.611382923042363 0.5200285451264253 17.078607032697974 -2.5 -10.491399948445821 0.3783919007496765 -0.6581411933799313 0.3515086932053842 -59.585094594555564 0.8759637638420873 -0.35580222705588627 0.15937596848611543 -1.7595117862095302 0.05559928660596463 0.15241370147275055 0.10418611506995515 279.4064583333334 101656.47916666669 1.189 0.05 24.54802083333334 1.0318938902769885 0.062201968486270805 0.18168992733700812 0.01248026848203029 -0.011397680594609832 0.006123779413405986 -0.19128187157765264 0.012711254845922913 -0.007173199444689036 0.0032403692226756096 0.003072757266906061 0.0021081254533938405 5.679422659259349 0.16971552954059227
25.0 25.808519058899552 0.5219779536387751 19.013042789200902 -2.5 -13.151128106376408 0.5350761980830675 -0.5950250090109996 0.6794343218225365 -56.94170595336861 1.1236180227660468 -0.35193141131749417 0.25925989955804124 -1.8555252058613247 0.06415706998270486 0.2048866117450842 0.16670336238593642 279.42102040816326 101655.86734693876 1.1889999999999998 0.05 24.55000000000001 0.9711085366601737 0.05981565080258399 0.22428503953275297 0.015954216776691506 -0.010147814437630041 0.011602486055571308 -0.19864991338147994 0.01347324684375439 -0.006987183754743376 0.005163420571920769 0.004067782411892097 0.0033181986740632055 4.329796310459486 0.14345022886559544
25.0 26.093430638272235 0.5308436305382166 20.917982554414376 -2.5 -17.30406359922685 0.5094828763576875 -0.10993685744267949 0.6410270690874611 -52.7712014774458 1.2322315573454061 -1.441836891293892 0.22291312988846546 -1.7536161169449724 0.07733159259378072 -0.12100547605454444 0.15816297890114706 279.21583333333336 101655.28125 1.189 0.05 24.5578125 0.880436594683613 0.0554684344962841 0.2887016100249941 0.018911117255556654 -0.0018341904236995484 0.010695456832283727 -0.18366223107836244 0.013457008820966293 -0.028004258168032353 0.004629278613498355 -0.0023502440613349528 0.003075017030681786 3.049642136070491 0.04874090477039875
