# target_velocity,velocity,velocity_std,alpha,beta,fx,fx_std,fy,fy_std,fz,fz_std,tx,tx_std,ty,ty_std,tz,tz_std,dp,p,rho,rho_std,temp,CL,CL_err,CD,CD_err,CY,CY_err,Cm,Cm_err,Cl,Cl_err,Cn,Cn_err,LD,LD_err
17.5 17.49948971970191 0.5110861953855689 -5.245258786141526 2.5 -0.8868966177873246 0.023035905877292692 0.2311978422927345 0.032130669567517034 6.336340238132963 0.07290636192093317 -0.02936841779914746 0.005955884263371783 -0.04900222944357904 0.002692391097754356 0.005048659619241637 0.0056067313084993365 134.09875 101545.4 1.189 0.05 24.2935 -0.23504509147414987 0.017132001426412996 0.03289922712820736 0.0025173651235557335 0.008576231065258262 0.0013422358474109402 -0.011410712430860752 0.0010332312791852896 -0.0012682360177030006 0.00027291456742271864 0.00021801964321111064 0.00024262718767641947 -7.144395537262495 0.18310969322956014
17.5 17.506331886263464 0.5112589697693262 -2.5933473151415627 2.5 -0.6687458332410836 0.022576813739483736 0.2527145820910255 0.032216776377206956 2.4479117726396606 0.07192369551821866 -0.0001934518569023564 0.006751544885465974 -0.07862004848739762 0.0024235989861529244 0.0031456395085535886 0.005538431930755174 134.51782608695652 101545.47826086955 1.1889999999999998 0.05 24.30000000000001 -0.0907337608774445 0.00705347064349799 0.024787586382516165 0.0019705218262069412 0.009367063273266814 0.001371301263070221 -0.018293242146421234 0.0014322824393697801 -8.347432013033543e-06 0.00029132923639658194 0.0001357340909289741 0.00023918247394340804 -3.6604516259575495 0.15329917611026328
17.5 17.601661079059813 0.5122461879368548 0.10938288476862253 2.5 -0.5028417501688379 0.022058227643797192 0.19015901613182457 0.029866503196781562 -2.859719935283667 0.07596141590821219 0.013453011589671379 0.008276448548796398 -0.11222444130270756 0.002241694268287259 0.018185300048472658 0.004613502167235166 136.06047619047618 101544.72619047618 1.1889999999999996 0.05 24.300000000000004 0.10485271031719494 0.008027700350047455 0.018436882477659317 0.001551378940243554 0.006972252067996723 0.0012040855001285106 -0.025830203888357075 0.0019251956503083683 0.0005742255475778246 0.0003556683764433983 0.0007762175635244757 0.00020465780521855542 5.687117138390888 0.29164954079786565
17.5 17.526981410043952 0.5096950013652005 2.820513834189263 2.5 -0.5718919947228511 0.02257211467784206 0.1417759567309152 0.027974570251417426 -8.248637645764177 0.06965580857526187 0.010901035435012205 0.006768704824410824 -0.13974364443011886 0.0018859347156646074 0.02292050917410896 0.004188569358861524 134.89555555555555 101544.05555555556 1.1889999999999998 0.05 24.307666666666663 0.30502219404395287 0.022042821421596658 0.02114770444257722 0.0017321665486623773 0.005242661302615381 0.001100764719362271 -0.03243885408219136 0.00236897810950858 0.0004692710926731113 0.0002933213170902655 0.0009866890580148033 0.0001937185450417536 14.423418620786274 0.567578738791565
17.5 17.614508136937747 0.5142684706361328 5.526436115769897 2.5 -0.8050241428847971 0.025861114844398257 0.13949297572914082 0.02675226112800128 -13.82259480167597 0.14536858276709366 0.02031911022928556 0.006657736884620287 -0.21328899712424648 0.0028949366899000597 0.009891793473050954 0.003959804330996291 136.26213483146068 101542.70786516854 1.189 0.05 24.309999999999995 0.5060716429783818 0.036802745745156455 0.02947347415389592 0.0023226030655368914 0.00510710473858573 0.0010461257336766474 -0.04902020262746933 0.0035895938280854573 0.0008660320172407173 0.0002905253939612885 0.00042160359183681084 0.00017147800347278307 17.170410258930648 0.4912157253209695
17.5 17.61079003634309 0.515034439195837 8.241098799310166 2.5 -1.1917517089180796 0.030947694650847495 0.12786855129273383 0.025393834035271574 -19.393795596707736 0.13855886392292086 0.02632125080639412 0.006295580052112907 -0.32482613121134885 0.002972720891295302 -0.001569851078863932 0.003455119692289467 135.8325 101541.35227272728 1.189 0.05 24.31238636363636 0.7103438132035212 0.05142319249290211 0.04365073608635905 0.0033426045115328698 0.004683489307761389 0.0009894123875649353 -0.0746863046889421 0.005423536474354149 0.0011223263202678312 0.0002803520309527528 -6.69377453856347e-05 0.00014740364801069656 16.273352453854844 0.36891439072299204
17.5 17.622195677714153 0.514843140587638 10.935387062331536 2.5 -1.7182290464893473 0.026664075333232198 0.057675018468629255 0.025068119373836555 -24.48509974430942 0.07324856783984086 0.03031412551064394 0.006393042265370715 -0.4406937908498956 0.0017118124634801796 0.0009124106741689973 0.0036261029005636722 135.4657446808511 101539.97872340426 1.1889999999999996 0.05 24.320000000000007 0.8956643855146477 0.06453471057724745 0.06285277900307386 0.0046287172438254755 0.002109750849116164 0.0009294841981495201 -0.10119628834766986 0.007295738558481609 0.0012909080488772387 0.00028766843045643925 3.885443710895444e-05 0.00015444065311187564 14.250195452309987 0.2062577123469854
17.5 17.683580317239404 0.5157437025537533 13.055189019019547 2.5 -2.335353969564856 0.03829598140741688 -0.02687795268601607 0.03332108301875445 -27.862438008329523 0.08560292013945603 0.04169848606706134 0.008441696483750375 -0.5330703349713886 0.005148040014735185 0.00407168627077882 0.005316708568375049 135.66883720930235 101538.75581395348 1.1889999999999996 0.05 24.319999999999997 1.012143716846045 0.07284790428592165 0.0848351406362897 0.006256961462110471 -0.0009763808509759145 0.001212471468944575 -0.12156031237372142 0.00881967056489761 0.0017633973827765792 0.00037884420167662324 0.00017218852746431868 0.0002251802475770118 11.930713018858166 0.18415189437483098
17.5 17.820858073627452 0.5203788161947374 13.968431693467355 2.5 -3.714141501693144 0.1890644896290816 -0.40575018899478354 0.25747828314088034 -25.956667976129474 0.4338318444458291 -0.2462951072513416 0.07159473176646773 -0.7010250347475491 0.040949013462942 -0.05892321391541413 0.05667864090316712 135.46101123595506 101538.4382022472 1.189 0.05 24.32 0.9284428707723247 0.06859438996418817 0.13285095765981358 0.011710707088713005 -0.01451325996977614 0.009268764714596464 -0.15740698327179412 0.014589815217170208 -0.010255783977935879 0.0030712241861266484 -0.0024535759558776253 0.002366707446990402 6.988605028725146 0.3201995952458582
17.5 17.871836328471844 0.5198542835199319 14.989552382023081 2.5 -4.185057821490669 0.19629477465305306 -0.47393828885298656 0.22268115803249602 -26.677765554991247 0.4349520229921221 -0.2878164067637578 0.06819720137126264 -0.7545412703139787 0.03672777506183911 -0.0752188850782949 0.05618166639534711 135.57113636363636 101537.73863636365 1.189 0.05 24.32840909090908 0.9487997497323654 0.06984239576806035 0.14884236858071181 0.012762976335079664 -0.016855704385188592 0.008011591205530239 -0.16845826866866595 0.01461041702100542 -0.011916466404402689 0.0029502974824931623 -0.003114288469829499 0.002336808059638178 6.374527352525069 0.26653847263917896
17.5 17.93231600855683 0.5218380010061304 15.99038682398482 2.5 -4.651426057350815 0.17695003215813884 -0.5181002202771522 0.20594271661900992 -26.892729324740596 0.41550623051938584 -0.29644866712327256 0.07168094730236356 -0.7917989031696765 0.03020903003530714 -0.08590449402141806 0.052499486547407465 135.81186046511627 101537.94186046511 1.1889999999999996 0.05 24.32999999999999 0.9500043206179299 0.06977482426131223 0.16431485247028646 0.0133519576416173 -0.01830224972084136 0.007392811242075132 -0.1755859734868507 0.01427690768223075 -0.012191216334920887 0.0030750493030574913 -0.0035327541895188684 0.0021738503026494695 5.781609552244963 0.18587920118049198
17.5 17.996151810281546 0.5254721875675403 16.979393962664446 2.5 -5.31645624020103 0.23023091859123979 -0.47092079739953946 0.29312595906748273 -26.707791962902153 0.45589025342588757 -0.18691788730363965 0.09534853947583083 -0.840741101471715 0.03725938898993741 -0.06159777893485924 0.08002094730876397 135.77744680851063 101539.0425531915 1.1889999999999996 0.05 24.32999999999999 0.9367898041678115 0.06928516807885737 0.18647748967951286 0.01566199383158153 -0.016517793840360853 0.010350031755095844 -0.1851188630080924 0.015645300609583628 -0.007632413137883385 0.0039319164916983744 -0.0025152204745559495 0.003272502773091506 5.02360797422688 0.19360381618718236
17.5 18.159833990607375 0.5299046270539307 18.915596618802923 2.5 -6.98220098135879 0.23851089333239325 -0.11177904466029516 0.4684917578978797 -25.48035506455909 0.5200264621592601 0.20871361095411708 0.13426517965706394 -0.8229513097632672 0.04385015574467082 0.025851385485170686 0.10334263595003003 135.76518072289156 101540.4578313253 1.1889999999999998 0.05 24.33168674698795 0.8776981727090652 0.06562697206306646 0.2405094052770844 0.019152125037772617 -0.003850349141404467 0.016140077878897312 -0.177950037407606 0.01592972725591755 0.00836945785347294 0.005417615469733855 0.0010366457668138495 0.004144731365266002 3.6493299365897682 0.09733302816807807
17.5 18.280754585654456 0.5318550888652416 20.838205573274784 2.5 -8.20931634197919 0.2861649682077352 -0.2726939467929527 0.428208377584658 -23.651635442246395 0.7176668844115206 -0.6354123470991148 0.1478026079532592 -0.8145725323500176 0.04165618574992337 0.050879854940629916 0.09530001904996761 135.7687951807229 101542.19277108432 1.1889999999999998 0.05 24.335903614457827 0.8039636372268422 0.06266210114459889 0.2790501249505344 0.022270367207221923 -0.009269380878491273 0.014570813799565511 -0.17381578559754898 0.015320781904425398 -0.025144193824888552 0.00612100219356493 0.0020133901084075966 0.003773929992055124 2.8810724860609045 0.046809091849053415
