# target_velocity,velocity,velocity_std,alpha,beta,CL_alpha,CL_alpha_err,Cm_alpha,Cm_alpha_err,SM,SM_err,CY_beta,CY_beta_err,Cn_beta,Cn_beta_err,Cl_beta,Cl_beta_err
15.0 14.977543663946438 0.514653763302005 -5.24883103233387 0.0 nan nan nan nan nan nan 0.3336559727763133 0.04110131045516883 -0.005299853247803469 0.0041864669125164945 0.06684706212455577 0.011399373907734735
15.0 15.053221759486073 0.515168077539143 -2.5886045460296976 0.0 3.6110690444258955 0.22122416993265978 -0.043736425828000566 0.022325840040384723 0.012111766706735453 0.006226978425660962 0.29866818264711353 0.038995676357223105 -0.002252698834404397 0.004253583289745902 0.06492422034266325 0.009735386609039427
15.0 15.073763332057387 0.513079533841167 0.11893170579530754 0.0 4.240492417311708 0.28257680044441563 -0.18884425160574275 0.03182259926184835 0.04453356662891099 0.008069922007711913 0.33022816474477723 0.03934364672620299 -0.012094209817053347 0.004520538357441049 0.092262232876155 0.011436283976856957
15.0 15.073103916566883 0.5147089772040284 2.831663063854502 0.0 4.312077435089441 0.4563571614176445 -0.3412161161099568 0.04724454291501925 0.07913033131856995 0.013790366035172003 0.3438711275719126 0.039287199551791385 -0.019291563161051514 0.003986888826054081 0.10617271042097844 0.012678399547679891
15.0 15.063419052390433 0.517088635742775 5.538312021425757 0.0 4.289339924422569 0.6817362731724901 -0.3990378036469537 0.06768625175736599 0.09303011901083409 0.02162490327109513 0.32398350268969955 0.038563854183583914 -0.01319654162549254 0.003353013423868336 0.11478557637214105 0.013695930633861377
15.0 15.065321029527885 0.5137298663767527 8.253201336063226 0.0 4.082844844189194 0.8954677927313103 -0.4496423522944628 0.09173716311993245 0.11012966925118522 0.032989013019793186 0.33868500380357214 0.040754215709839475 -0.013770582076101793 0.003617350708095123 0.12189543245777747 0.014924981752726045
15.0 15.063618257674845 0.514025799744738 10.952735288030077 0.0 3.464388530797077 1.201708236778504 -0.5606035616137882 0.1376470328697246 0.1618189058849026 0.06876993685272874 0.39617432113256623 0.044208685540649266 -0.026986360116471514 0.00431640613657836 0.1301207371559298 0.015213898418410018
15.0 15.058383667074475 0.5188307217753332 13.06495217622274 0.0 0.8848787063913025 2.031828575369993 -1.1153832311249618 0.36455669046315947 1.2604927919146105 2.923475590002857 0.39567081776081225 0.0802359143802072 -0.033712379834373 0.019041704649304672 0.1158317999978402 0.02716208429411411
15.0 15.243816996662485 0.5188341511707584 14.094502820788657 0.0 -1.058619895867677 3.3417994158360256 -1.3547890950008141 0.5989569446802601 -1.2797691601010275 4.079339698436504 0.28177567346427 0.13778989855486426 -0.05065978052522316 0.04104522764432481 0.04584951179966291 0.043360485184172584
15.0 15.318497404787088 0.5223246726699424 15.02311856296328 0.0 2.218858430682953 3.185770343171813 -0.4523097630160948 0.7206050455920958 0.20384795927556149 0.43718696137289675 0.446074462026925 0.20292115924542115 -0.02223404233346915 0.06197157667307832 0.20108011744595222 0.06668998516719095
15.0 15.333647489743159 0.5270140972678986 16.036043526082107 0.0 1.034302274840675 3.2561133571405714 -0.4442475890824162 0.7283966681512434 0.4295142724604841 1.5245665636090155 0.4841790391150202 0.22242045729794038 -0.022508604611330554 0.0645707351161364 0.24275010124732016 0.0648832304931695
15.0 15.488648459648475 0.5335026492020797 16.870696957514227 0.0 -4.37061118846756 2.2472041653408033 0.09503246214926507 0.5254311021353011 0.021743517794495397 0.12073784175556608 0.21446714768077746 0.2546999088015789 -0.07150398324004402 0.09053041325681406 -0.048413981504822255 0.1230705605880645
15.0 15.58141427800007 0.5336886192646855 18.812243666974048 0.0 -2.905718204267709 1.664561414624259 0.30961339356951106 0.37632210354798706 0.1065531382619186 0.14317442004038708 0.15311085494735924 0.24437819349638862 -0.0027326528143589057 0.06408505536844536 0.12182302872660063 0.10569652803112983
15.0 15.65600871784449 0.5324510924411073 20.82750538406762 0.0 nan nan nan nan nan nan 0.14774823025238273 0.22818915892262562 -0.004420697906091858 0.06269563947583429 0.07266224454329115 0.09303757931054432
