# target_velocity,velocity,velocity_std,alpha,beta,fx,fx_std,fy,fy_std,fz,fz_std,tx,tx_std,ty,ty_std,tz,tz_std,dp,p,rho,rho_std,temp,CL,CL_err,CD,CD_err,CY,CY_err,Cm,Cm_err,Cl,Cl_err,Cn,Cn_err,LD,LD_err
15.0 15.014983378055076 0.5114877450246963 -5.232934867152936 -2.5 -0.5947070742653318 0.022338314383696184 -0.4838434497503694 0.030357483083291923 4.430389118681989 0.06724680099963548 -0.1392627279841789 0.005447259999494645 -0.04766975264199693 0.0015440652045937073 0.030608548253066057 0.0044762128550559326 98.43899999999998 101586.53 1.1889999999999998 0.05 24.42000000000001 -0.2232315768606294 0.0181909903857713 0.029965177866344138 0.002650015841424533 -0.024379153466680972 0.0024798197290043142 -0.015077900667197415 0.0013022358879146302 -0.008168747832084192 0.0007278947695634458 0.001795408691217675 0.00029933527866710184 -7.449699709987554 0.27594478079694945
15.0 15.05629712584297 0.5187376155700932 -2.5859135697808866 -2.5 -0.39141028078164425 0.021806559807039643 -0.44220408868176386 0.030918169811782182 1.6684767077105318 0.06633542027136032 -0.11546939148373411 0.005392928863332649 -0.0486707110765164 0.0014119538491587607 0.029096747549704507 0.004485967192056623 99.27631578947371 101587.47368421052 1.1889999999999996 0.05 24.42000000000001 -0.08360788967260688 0.0075233997569591725 0.019613691591308286 0.0019237812300935575 -0.022158985191955645 0.002366455872361883 -0.015310135309327663 0.001313291467759197 -0.006735980585093981 0.0006282101304466382 0.0016973773228189202 0.0002953931694307653 -4.262730923619565 0.27490787739227485
15.0 15.074212943913652 0.5190971028958702 0.11900316000370921 -2.5 -0.3029811572201528 0.021484075681833796 -0.37935439975636404 0.02842368754618307 -2.2818894842926376 0.06743342070545304 -0.12427255129227235 0.004877746588209501 -0.061064851684179015 0.0016307297528903601 0.0175855580123092 0.004073841749070381 99.53526315789472 101587.27368421052 1.1889999999999996 0.05 24.422210526315794 0.11407455461696775 0.009803152122781007 0.015146413007787015 0.0016270830659781276 -0.01896440843961778 0.00208830252279549 -0.019163273840405507 0.001628868534890468 -0.007232296549365549 0.0006489895655663198 0.0010234276934732907 0.00025105781562368866 7.531456758660957 0.5785695552009192
15.0 15.060870419685669 0.5130261068589285 2.8335173938464178 -2.5 -0.36229817887632354 0.021687046151221644 -0.36719293084837723 0.028319952385411767 -6.339615227375912 0.06831591386719442 -0.13611114024574322 0.005678273706297762 -0.10551845743284442 0.001689624334091077 0.01526980704119539 0.003893773930098316 99.35478260869569 101589.10869565218 1.1889999999999998 0.05 24.43 0.31748720149651855 0.025647378970297504 0.018143851131851754 0.0018137365972210632 -0.01838897974768892 0.0020442411284956044 -0.03317233027643704 0.002708389611657932 -0.007935308789266989 0.0007163812252284705 0.0008902330390123835 0.0002379334561551428 17.49833589293322 1.0410105871835973
15.0 15.158266034601198 0.5170874242067435 5.543378975012808 -2.5 -0.5372170383181001 0.02276529218076387 -0.4083221728717244 0.02448676657068271 -10.564920969628337 0.086471510972387 -0.15802002864691372 0.005309049095951226 -0.16583750574327968 0.0018753802133252978 0.024376137814213085 0.002671875736026602 100.65709677419352 101589.4623655914 1.1889999999999996 0.05 24.429999999999996 0.5223128009611846 0.042077939992141544 0.026559151442272444 0.0024077898998464136 -0.020186795378810112 0.0020206328219842555 -0.051467301530535366 0.004165652847921084 -0.00909459553571907 0.0007903319994103107 0.0014029304768610733 0.00019049641933217994 19.666019906413645 0.7980169621621425
15.0 15.030431735822154 0.5205602012988607 8.25464574202066 -2.5 -0.8107664227849167 0.03227688128080234 -0.4779832180836437 0.023968169976302297 -14.385194598620705 0.1632155299239408 -0.1724919961544046 0.005273646583299315 -0.2247048049181584 0.0025443833183036797 0.04139156961026194 0.0025834880952997456 98.902 101591.04 1.1889999999999998 0.05 24.43 0.7233296990915358 0.05918544493879426 0.04076770936993549 0.0036806789010615224 -0.024034395568093076 0.002290318701092205 -0.07092790612735564 0.005803352582931676 -0.010097092620642997 0.0008744976907402608 0.0024229211869894332 0.0002478270786487452 17.74271133381268 0.5952428889863145
15.0 15.08809598626195 0.5188642580059312 10.947646356406345 -2.5 -1.2114387407777165 0.025256827953397232 -0.49441369780055994 0.02335921250677707 -18.184937773455257 0.07011209961348731 -0.17777664857610537 0.005005218516210722 -0.2997006718962694 0.0015775579860623156 0.04423324062894137 0.002676912364448414 99.4047368421053 101593.22105263158 1.1889999999999996 0.05 24.43157894736843 0.9074159517038042 0.0732350227431462 0.060449964227994146 0.005033509995383216 -0.02467090521365297 0.0023052453405276938 -0.09387858414940939 0.007584145436299827 -0.010327046704108948 0.0008818275321558839 0.002569509243806076 0.00025901409545304744 15.011025453735229 0.29217406048649547
15.0 15.107465190921703 0.5162646966902719 13.056804357217729 -2.5 -1.7027822936046075 0.04781226323016251 -0.4229304853409536 0.07435583314041778 -20.366941831395668 0.09927057472333409 -0.16146373111811846 0.01652918407320729 -0.3773992534107965 0.010061828777880606 0.036555559415267155 0.014626342760942266 99.12161290322584 101595.09677419356 1.1889999999999996 0.05 24.43774193548388 1.013692154597678 0.08149521575993625 0.08474993773262757 0.007205207473035483 -0.021049862000854663 0.00406807405391206 -0.11791404098741329 0.009970757652908708 -0.009355394000069489 0.0012168957094001091 0.002118071091597597 0.0008643434318923028 11.960978163732861 0.31983524880740394
15.0 15.25359742201378 0.5236001493979816 13.995602872630283 -2.5 -2.7668896246323924 0.22882549471694422 -0.18551269698639936 0.2025248056393404 -19.55023133593002 0.4169506080302865 0.01619129040872733 0.05621120840300042 -0.499912354700832 0.04209315488818275 0.06852328629400106 0.05017682815358236 99.2495698924731 101597.94623655916 1.1889999999999996 0.05 24.440000000000005 0.9544887351118274 0.07949475940841329 0.13508612418083074 0.015591236130851073 -0.00905717054960407 0.009914592404180307 -0.15321348833058035 0.01784880787181006 0.0009202529219210828 0.003195695627524372 0.0038946095610575804 0.002869049628638228 7.065779264153862 0.5563145513946518
15.0 15.312114718460952 0.5241016195645426 15.019419692723858 -2.5 -3.1662404297515656 0.23296851018816891 -0.1537351671154446 0.2396248857501715 -20.174026322568565 0.3547872183626487 0.058194444419123456 0.06441666240457092 -0.5402764626731864 0.03989620593652342 0.0835543552918448 0.06516879027490999 99.47526315789472 101600.0 1.1889999999999996 0.05 24.44000000000001 0.9774300832940245 0.08038648040261932 0.1534041146520598 0.01671220540898292 -0.0074484574767689675 0.011625219940615158 -0.16432112152321357 0.017930985333821602 0.0032823242469742684 0.0036428314198575754 0.0047126918909909206 0.003695144872560725 6.3716027794362695 0.4562327181155835
15.0 15.310507331975508 0.5215130327429031 16.07924314583104 -2.5 -3.2998875027494545 0.2692100990592808 -0.24939942333574108 0.16772370475740783 -21.36150354034233 0.31611377433416776 -0.023853547316471588 0.0481299363078239 -0.5577209680152555 0.044550050822776084 0.06705263039239615 0.0466056014700215 99.389 101601.84 1.1889999999999998 0.05 24.4421 1.035180591056407 0.08427900998262552 0.15991287734332804 0.0182783537302948 -0.012085920917048057 0.008185297439430802 -0.16966235849504047 0.019187599388896907 -0.0013456871721480481 0.002717365238184661 0.0037827440665617077 0.002646617603004221 6.473403569832002 0.5278781431150091
15.0 15.369703403907847 0.5246510645367002 17.06022233865018 -2.5 -3.7762480436057757 0.2581527707358455 -0.21189915121081063 0.24859592007496853 -21.092174178642598 0.40267757909243534 0.0018964373148971853 0.07818897019788602 -0.5967668113169449 0.03960816768644421 0.07464476111761306 0.06802312180103434 99.40333333333336 101604.02150537634 1.1889999999999996 0.05 24.449677419354824 1.014270612162307 0.08360054600397415 0.18159045067734386 0.01913405258948648 -0.010189707329123417 0.0119822527853909 -0.18014465447713343 0.01875100027655377 0.00010616413398237657 0.004377091686991684 0.004178675645180708 0.0038227029317197845 5.585484304813461 0.3657736631150989
15.0 15.58165799875481 0.5291859897789015 18.858701283671216 -2.5 -5.333918449805285 0.18679958255981904 -0.05888459644389625 0.3019711093938304 -17.593316092895837 0.45666880385943076 -0.5642695890058675 0.10096288574917846 -0.5619544827936029 0.035327711828390215 -0.040746472993982416 0.07005525052106307 99.51210526315788 101605.16842105264 1.1889999999999996 0.05 24.44926315789472 0.8231592006789924 0.06914461750578663 0.24956432456764616 0.02176876041290045 -0.002755102965531062 0.014130392217564356 -0.1650522676205555 0.016778754417344107 -0.03073474485790324 0.006022507601782653 -0.002219386753654151 0.0038198999003037364 3.2983849037920856 0.07775955684184847
15.0 15.69160206297508 0.5351821037638862 20.85674222009299 -2.5 -6.297660584374016 0.24981193833490845 -0.3858108335367474 0.28902061488789527 -17.811545661083613 0.6283530374482527 -0.6035173528259552 0.09769186266955612 -0.5511870518157789 0.03564507289463721 0.06395924662038059 0.06604651892222592 99.6113043478261 101606.60869565218 1.1889999999999998 0.05 24.449999999999985 0.8217325748736476 0.0719467190025968 0.29054148057373624 0.025978436458573118 -0.017799315999227665 0.01340998493279997 -0.15962912236923646 0.016437535895035927 -0.03241346748445452 0.00585451335579176 0.0034350975178302373 0.0035578642762873827 2.8282797115611893 0.05148920172366995
