# target_velocity,velocity,velocity_std,alpha,beta,CL_alpha,CL_alpha_err,Cm_alpha,Cm_alpha_err,SM,SM_err,CY_beta,CY_beta_err,Cn_beta,Cn_beta_err,Cl_beta,Cl_beta_err
20.0 20.003778374366615 0.5142361312978581 -5.258409178012574 0.0 nan nan nan nan nan nan 0.3186654668994171 0.03148989117708464 -0.005830421323836218 0.0038439631084169453 0.0610562465310386 0.008037667303123967
20.0 20.098353029173047 0.5102631930818481 -2.6041064536737606 0.0 3.5842283038855385 0.18426027605536358 -0.043781986340418744 0.015151044585955493 0.012215177892813412 0.0042735320720625304 0.29970644631641064 0.03103067089249448 -0.0024122680176166234 0.004109727547333071 0.06605255645706008 0.008454563883190698
20.0 20.083257711115504 0.5122824425108677 0.09325519297992492 0.0 4.2830532106751 0.22958980580675636 -0.23119308954382883 0.02520517236316635 0.053978570466414515 0.006557729428201947 0.3230800974780596 0.030475568105701924 -0.01048877884218834 0.00383571363528055 0.09300335204879402 0.010614891559650914
20.0 20.090088324510276 0.5100036143920836 2.819190031988917 0.0 4.400165820974045 0.36734482623958725 -0.39031956374641036 0.03820856918970246 0.0887056487475754 0.011412448561064827 0.3340894971116033 0.029955117347984696 -0.017245671582524862 0.003407023115412872 0.10467269458901401 0.01078690022173045
20.0 20.091409240530638 0.5088240616164388 5.527990010802689 0.0 4.2719826070611555 0.5500644404731065 -0.39538321755509337 0.05511419924808361 0.09255262811734413 0.017563106769045118 0.30587648029863856 0.030246151720905102 -0.009261313298899166 0.003308829224865949 0.11079838754375249 0.012007591528327522
20.0 20.09021267015358 0.5092942514850056 8.24411575949263 0.0 4.0975607857778025 0.726791197881162 -0.45887832253066724 0.0759774983369532 0.11198816723436662 0.027172969642226954 0.3230831478422313 0.03163488120646224 -0.012165201096776369 0.003127995843046546 0.12210569058419 0.013075768225920634
20.0 20.119536075363524 0.5166683774008349 10.9405281200622 0.0 3.5355384624556234 0.979395751170715 -0.5641849677446962 0.10978180399966567 0.15957540095684297 0.05402053213179077 0.37821177249759386 0.034060468840335825 -0.027072056311836384 0.0037315069469573033 0.13598713196316212 0.013670498216670367
20.0 20.202294314434383 0.5109955099185602 13.058131411626146 0.0 1.7164308184609502 1.6912007396920816 -0.9247977476077547 0.3334408982029736 0.538791157593512 0.5652990087108212 0.3687970667153019 0.04727734904080965 -0.029430896060011025 0.009198636498078895 0.12746966251735156 0.01760546616007014
20.0 20.193637061140684 0.5117585726244137 14.103146081861288 0.0 0.1873386812132973 2.76164261680731 -1.2223851099607228 0.4837017187664891 6.525001147888714 96.22258435536368 0.27819799136380724 0.10305605953109018 -0.03678498554799967 0.026551991660085383 0.08854034487207947 0.03724957308965908
20.0 20.319406165028813 0.5147299310522734 15.083884451022397 0.0 1.087861160675449 2.762788594623598 -0.7699579757366967 0.6168749974203195 0.7077722815829114 1.8848177825767283 0.32176971497078666 0.13101022789194805 -0.034694935027191405 0.03514701542895165 0.13662513694730222 0.04856413716656748
20.0 20.439571507741594 0.5220172521759363 16.00243700075064 0.0 0.06223415737188379 2.8010748546346056 -0.7011085589940224 0.5947789054639717 11.265655206103423 507.1418922970168 0.026839667349170374 0.11882593147549507 -0.08561140154989952 0.03478554460732572 -0.15826544959287298 0.048960510636304695
20.0 20.54213539326951 0.5220937712223395 16.955226206181635 0.0 -1.6132525148847445 1.8789955199784956 -0.38970107910923163 0.4015512761794775 -0.24156235649015742 0.375652830007153 0.10422452747691101 0.19508714466850618 -0.06510115023612778 0.06425982849805428 -0.03619999931930856 0.0893576721106093
20.0 20.727262402747797 0.5259610366630658 18.894985227228403 0.0 -2.394250837026276 1.3932232550650372 0.15467322668519154 0.3098529981559403 0.06460193071386783 0.13476468003329314 0.19385821107935305 0.1952920666814136 -0.06091238901072095 0.07967999897083022 0.08138406075833256 0.12527238962252515
20.0 20.86001689078871 0.5326424953926949 20.870601232779723 0.0 nan nan nan nan nan nan 0.11492918222913663 0.18193374305612459 -0.016608965172240968 0.047681035609370245 0.09976048268720004 0.08127061776170161
