# target_velocity,velocity,velocity_std,alpha,beta,CL_alpha,CL_alpha_err,Cm_alpha,Cm_alpha_err,SM,SM_err,CY_beta,CY_beta_err,Cn_beta,Cn_beta_err,Cl_beta,Cl_beta_err
20.0 19.988827776441692 0.5123711430540157 -5.239134450415667 5.0 nan nan nan nan nan nan 0.328516255146615 0.02401412926668302 -0.019547758955564615 0.0032358777037881643 0.03887940329873557 0.004878812039104422
20.0 20.077681294778763 0.5115702226486641 -2.5838960649324414 5.0 3.6959070006702732 0.18690685187143571 -0.14436474801062396 0.018978797489431185 0.03906070904501726 0.00550191899336513 0.32465046611074594 0.024220635836405362 -0.019516600340798156 0.0036720963642263914 0.05274130950994159 0.005228608308952911
20.0 20.103197201587545 0.5138757842067301 0.11671118066293412 5.0 4.2898260954033685 0.23296338181098888 -0.1985456256114451 0.025807718070387092 0.04628290779064227 0.006519968390411074 0.29037634775104704 0.023039130424065607 -0.005981930841148687 0.0034532607962265284 0.06961048847334904 0.006669537966279982
20.0 20.095534916889754 0.5091665228061207 2.8349643259676442 5.0 4.348856305805701 0.37463505501882133 -0.29971241743540555 0.03997891960987654 0.06891752597925367 0.010943403217121521 0.32547938245183317 0.023633693120167654 -0.009615201437348668 0.0029632387634994607 0.07776937521611904 0.005590385672155497
20.0 20.092781367382546 0.507936639481769 5.54505218818498 5.0 4.3249125412673015 0.5527129221587551 -0.45715747747262286 0.057940407528990455 0.10570328835798028 0.019025233112552522 0.40462186536935424 0.02580000526902206 -0.02170129994994587 0.00283410458147956 0.10055225187158147 0.00733318407481894
20.0 20.115264562430955 0.5109385794985092 8.249839894049211 5.0 4.130348121885112 0.7358465594475679 -0.5308774889342366 0.07978436200410335 0.12853093087270845 0.029957904455785198 0.4689276325859421 0.02829653053641183 -0.02767796620935034 0.0026548120367387113 0.11251879907253792 0.007449881872778685
20.0 20.16331202049372 0.5176173737836551 10.942347804384756 5.0 3.562818229780976 0.9858349158588655 -0.543410892849505 0.11296366002012607 0.15252276647380664 0.05278632293393482 0.5169825173825693 0.03126325447625226 -0.028631648412004454 0.0028755652269091604 0.11924880967257505 0.00764231083391083
20.0 20.195238901153765 0.5186532576843931 13.06096623377665 5.0 2.7531508430510527 1.6836230730615414 -0.552467949387933 0.2022185285790115 0.20066751910174518 0.1430155812772267 0.5430181497064009 0.03516256192162157 -0.028509617746226713 0.003886108655618264 0.12900985519535396 0.008277135732025516
20.0 20.372929078492838 0.516856180888703 13.989600056384981 5.0 -1.5692817083263755 2.7873435385766077 -1.347342873174803 0.46020170765753915 -0.8585729802533235 1.5529300292680173 0.36998122528921595 0.10047548625851602 -0.06069577805636434 0.030301733450988962 0.003824139420088072 0.03546904381543395
20.0 20.43008602154388 0.5226440159960035 14.995496689654649 5.0 -2.740549063098679 2.898962422993862 -1.3360253437399632 0.4770314224207897 -0.48750280070861 0.544266886317335 0.28163877385601516 0.13172429193474103 -0.07605096903196885 0.036946265588821796 -0.08975042506743869 0.04797086869078997
20.0 20.47886674086316 0.5199243696759711 16.002901790243545 5.0 -0.5492604032915215 2.6719034210904766 -0.5332544518190284 0.5620877104175291 -0.9708590836394265 4.832390838434731 0.556773139242595 0.12236708126481394 -0.04128230397544228 0.035713965529820355 0.1951927518153973 0.05082305643563684
20.0 20.53951374198257 0.5229033206439853 17.006443192548666 5.0 -1.7326221941223843 1.7685967139512342 0.0009347794474467897 0.38563764775619963 0.0005395171841950683 0.2225752558999748 0.436195377091449 0.19527472619929312 -0.048415397764128315 0.06362683306341414 0.13581281060242079 0.0922668639445534
20.0 20.746805767157536 0.5260272285499005 18.942985402477905 5.0 -1.6502866624991148 1.3534108002807184 0.05548341767407463 0.3089728981867771 0.03362047269415194 0.18924316964228816 0.39160056938146365 0.2246509750913496 -0.005586456201548074 0.08486912772795104 0.1990037637474203 0.12816892348891284
20.0 20.94666284249574 0.5321385536375149 20.911815043753823 5.0 nan nan nan nan nan nan 0.09760258906331863 0.2102132253176916 0.03932961087506518 0.07603666316828286 0.383006105600927 0.12351661505325738
