# target_velocity,velocity,velocity_std,alpha,beta,CL_alpha,CL_alpha_err,Cm_alpha,Cm_alpha_err,SM,SM_err,CY_beta,CY_beta_err,Cn_beta,Cn_beta_err,Cl_beta,Cl_beta_err
17.5 17.47299428803288 0.5138661614042728 -5.2538776212028155 0.0 nan nan nan nan nan nan 0.32084589550862413 0.03450614943868984 -0.005575511954984749 0.003746483635910953 0.06082481429832187 0.009384990569485916
17.5 17.591103511932523 0.5164007409942797 -2.596345807037941 0.0 3.623806237088043 0.20276508666064638 -0.0419112715286164 0.01749868752481896 0.01156553876961555 0.004871984203527403 0.3032434108704216 0.03395241003616895 -0.001822473137701306 0.004168484594324917 0.06540575303016151 0.009163748438080009
17.5 17.625836744016148 0.5165964294269998 0.1033938923575706 0.0 4.245699236026748 0.24953899450495678 -0.20709996601348105 0.02777684991644915 0.04877876516926606 0.007142950352457672 0.3327657162515042 0.034522199677820796 -0.011636589992799946 0.0045439558785782454 0.09343292674221032 0.011060208562230306
17.5 17.61616385924588 0.5103333038412377 2.8190030105504036 0.0 4.35091963207964 0.40427636213796014 -0.3728637581887998 0.0418282254461852 0.08569768915970057 0.012483134759533405 0.3470600127029075 0.03273259681849912 -0.019304994255681513 0.003435509826616586 0.10434957601699099 0.011607168687756112
17.5 17.5939315076236 0.5107802996248134 5.523362490101819 0.0 4.288201860292808 0.6026744753532888 -0.3979268418095489 0.06010574518662823 0.09279573461646173 0.01914550515403613 0.3193397382803066 0.032305437499699004 -0.01128621741679221 0.003142159243615594 0.10997827496363975 0.012551195292798103
17.5 17.577525069618776 0.5126331978045184 8.241836905475289 0.0 4.0584408827716585 0.8025959056697616 -0.4486994088697463 0.08310894531492513 0.11055955275201963 0.029956544320504024 0.33491866774908924 0.03425504613715895 -0.012326284315155315 0.0033896729385473495 0.12324081933698873 0.014025219761022717
17.5 17.555194114709582 0.5120238460533924 10.939442334135528 0.0 3.464612804784068 1.0682779768173591 -0.5605116233299869 0.12070535082060536 0.16178189451820166 0.0608455686352119 0.39387056631104395 0.037443940318783855 -0.026967601913535286 0.0038901118648486622 0.13470609463397334 0.0143944922810442
17.5 17.670937658016012 0.5201108873988859 13.051963938214282 0.0 1.5707547320426443 1.8489479079963749 -0.9628825620819009 0.3641890549498328 0.6130063099219488 0.7579097351408358 0.3925151170696595 0.06092592693526455 -0.03167582440925291 0.012468150569887792 0.12018971184818823 0.01976885164625673
17.5 17.654624776496433 0.5200012917403458 14.092321327190358 0.0 0.08850322244550267 2.9852291356646017 -1.2303368054191142 0.5200232845928773 13.90160461306044 468.94036186491746 0.30862761260967847 0.10625121023363525 -0.0392147092455215 0.02786284779998 0.08313344790057071 0.03977754435579005
17.5 17.81937934277543 0.5203069159842606 14.987291614495376 0.0 1.2111607156899884 2.9758824414216853 -0.7082157985608447 0.6782552347777827 0.5847413884765739 1.5420192308757639 0.09400687576557083 0.1355334158184411 -0.07998851302168881 0.03708151757372141 -0.12415217654058588 0.05381317044114772
17.5 17.888283427869254 0.5212758071339922 15.989715725869011 0.0 0.11675827098460778 3.023840696775097 -0.6511674502781734 0.6398350787673316 5.577056295772114 144.54019530392793 0.05681647475195146 0.14019681351174754 -0.08251775706723151 0.041565900771493074 -0.17722418942962298 0.04919231597929535
17.5 18.05041304407529 0.529730093791814 16.886827119370285 0.0 -3.937458650826072 2.042993494385906 0.0012461125118019625 0.4576162131737712 0.00031647634230788185 0.11622132713301936 0.21072920751065258 0.2436559537784896 -0.053829761193878244 0.07435545987747104 0.03534787440834515 0.0876066240564859
17.5 18.14744039161704 0.5303122040415216 18.85863352617055 0.0 -3.153262192952227 1.4899542971883617 0.34879481472304863 0.3244374731635049 0.11061395893517219 0.11540373519783831 0.12320126954581405 0.239704065900013 0.01487793006289959 0.09421926750880934 0.248099511102686 0.16191232441892714
17.5 18.24454184424419 0.5325717404088642 20.82132964692684 0.0 nan nan nan nan nan nan 0.09297991669513699 0.2033943608354296 0.00403742964522759 0.05582158870543074 0.057039360635203686 0.08851313697722554
