# target_velocity,velocity,velocity_std,alpha,beta,fx,fx_std,fy,fy_std,fz,fz_std,tx,tx_std,ty,ty_std,tz,tz_std,dp,p,rho,rho_std,temp,CL,CL_err,CD,CD_err,CY,CY_err,Cm,Cm_err,Cl,Cl_err,Cn,Cn_err,LD,LD_err
12.5 12.428710330400833 0.5175366189377485 -5.39145692491486 0.0 -0.5816046027306523 0.022180863929773177 -0.0728482417490144 0.023320396314637927 5.068401105044825 0.06653850471320283 -0.04918153933958139 0.0036619000691134507 -0.002820139886398766 0.0015179533133830015 0.011379942753078548 0.001684263231262495 70.0348936170213 101327.5 1.181 0.05 25.7441489361702 -0.3752444419122866 0.035401413809279664 0.0430597125290759 0.00434510172646538 -0.005393396704967076 0.001798573194330711 -0.0013106845089393279 0.0007160298979501841 -0.004238890960753761 0.0005063999312612658 0.0009808220140661117 0.00017166610749414779 -8.714513401799984 0.3250648012450276
12.5 12.436510876366796 0.5217500101166268 -2.690649960575572 0.0 -0.39949048864450987 0.021280914870342 -0.06051734751898651 0.022221629770450984 2.471545966858599 0.06414542346730828 -0.03849961758419583 0.0030325796228011987 -0.019462084499439293 0.0011689900091980958 0.012392102012492707 0.0014618306254512543 70.23770833333333 101329.30208333331 1.1810000000000005 0.05 25.74000000000001 -0.1827540490498147 0.017818524374585008 0.02953961016127447 0.0031911496695209932 -0.004474847097789095 0.0016961050597790633 -0.009033829586524674 0.0010076049846423458 -0.0033140691626562828 0.000406392399705595 0.0010667192485816158 0.00016088848888413923 -6.186745459809748 0.34925433383511084
12.5 12.437653463152815 0.5204541045700921 0.018886255650227106 0.0 -0.37128088212992194 0.021163588052708508 -0.07007606390759462 0.02212308340424508 -0.24488243391283077 0.06442314146089671 -0.03712396495373305 0.0029545369807304415 -0.032477032823762915 0.0012000179230152426 0.01707144461779722 0.001333528038718752 70.25 101326.53684210528 1.181 0.05 25.738736842105272 0.01810406716607102 0.005056398237559362 0.027448657382876565 0.003012560940995061 -0.005180697314404249 0.0017062009164449698 -0.015072284651688311 0.001519368120151139 -0.0031950650841277937 0.0003930103557887606 0.0014692497609542232 0.0001793347536443299 0.6595611185472763 0.17754219849629782
12.5 12.449009504972173 0.5197659046956933 2.7392441933772846 0.0 -0.4093293822282081 0.021235167139167493 -0.03493556566834523 0.02209013668019106 -3.1077485124057564 0.06471009041149058 -0.03481155615622374 0.002666524679340568 -0.0543049077819556 0.0012183790924742601 0.014560804468264328 0.0014160289878263315 70.37799999999999 101326.26 1.1810000000000005 0.05 25.73 0.22933571514704965 0.021995632499831077 0.030206384535065526 0.0032331448599713245 -0.0025780634773482605 0.0016479093735818537 -0.025156437063962662 0.002421896201939572 -0.0029905846551776627 0.0003617567196987994 0.0012508868668328248 0.0001688587970285479 7.592292777734519 0.40658890188952523
12.5 12.407444842064377 0.5199024429231768 5.468205252470571 0.0 -0.5553190755677855 0.021725657890465228 -0.01026399771557623 0.021659582402442167 -6.0413758066275784 0.06476271448541432 -0.026189941579790967 0.003318327076765076 -0.09862712351012456 0.001257037112602235 0.013499925311578004 0.0012830083980273604 69.90894736842107 101332.73684210528 1.181 0.05 25.73 0.44881417975153376 0.042413774312671765 0.04125468823308706 0.004196289783900313 -0.0007625130207318583 0.0016106836410926504 -0.04599507258947988 0.004358170826524819 -0.002265020219578203 0.00035719283221696027 0.0011675323406263132 0.00015597787465972885 10.879107296018203 0.4142468531396327
12.5 12.361089962632432 0.5186405795777186 8.19219449744216 0.0 -0.7939806206383018 0.022584014382613513 0.00029409056810986156 0.021616933600734994 -8.86495511811043 0.06410219372558794 -0.01915060415237601 0.0028584187976707126 -0.14824058160173412 0.0010769352045506052 0.01570904707913593 0.0012187360296988308 69.38702127659573 101333.94680851063 1.181 0.05 25.719999999999985 0.6635267416560118 0.06254928280665797 0.05942809265597769 0.005835831518743874 2.201217646449804e-05 0.0016179918625526964 -0.06965194106111416 0.006566124370430374 -0.0016686728698189325 0.0002943337196281512 0.0013687954940267617 0.0001668195468168093 11.165203391215847 0.30049532492016323
12.5 12.332291218989923 0.5195508227631265 10.898315829370151 0.0 -1.0967011903901795 0.023547946175949665 0.017429909908228458 0.021428406573206642 -11.451212139519619 0.06299121683736686 -0.011165267163436762 0.0025504249184220484 -0.19871092212630653 0.0010240966212741673 0.015997908083090463 0.0011074207805115094 69.0572340425532 101329.08510638298 1.181 0.05 25.719999999999985 0.8611114035759893 0.08133831209673462 0.08247003809327409 0.007975737223919517 0.001310699164630731 0.00161611222525136 -0.09380237688263444 0.00885848848819862 -0.0009774258842015526 0.00024154458924210528 0.0014004832329221877 0.00016382503658259422 10.441506072812373 0.20682701089847655
12.5 12.262361087202123 0.5173245349497668 13.042880594206228 0.0 -1.385556457011805 0.02486889791629397 0.03838338399682385 0.021386811987286945 -13.14370041328566 0.06371066374501626 0.00010486561807773589 0.002678183938811159 -0.23754655931286975 0.0010508037357617468 0.014681343135607905 0.0013271506216059367 68.18400000000001 101330.52 1.1810000000000005 0.05 25.71999999999999 0.9996889099335351 0.09449692949375864 0.1053832163400055 0.010126601786618354 0.0029193790257543645 0.001649828059896118 -0.11341753163030789 0.010718587044553165 9.285112707210687e-06 0.00023713596561865586 0.0012999296452561044 0.00016990515772650114 9.486225080739294 0.15341179001506955
12.5 12.28979105766185 0.5226796443143756 14.080748903274259 0.0 -1.559908654961591 0.027610059152718025 0.05533821096243703 0.022078144997969174 -13.681971029008851 0.06946204015776218 0.00504155028190642 0.0032123762696402818 -0.2610758570584254 0.002367594679826431 0.012934019519738448 0.0015597631177150773 68.32625 101329.98958333331 1.1810000000000005 0.05 25.72 1.0359888744966501 0.09857289719997137 0.11811514644672592 0.01141554929738088 0.004190169001972109 0.0017184930312801393 -0.1240958795778897 0.011844314261031183 0.00044440339105579973 0.00028629587904114873 0.0011401100481299067 0.0001750369976597584 8.771007831446218 0.1376281567849719
12.5 12.280004876522185 0.5228796232538593 15.114430634972926 0.0 -1.8510987254910383 0.0546404079071411 0.08281219234896144 0.03156389712602563 -14.085912452804466 0.1094320713511449 0.013346454587178428 0.011066624931605843 -0.2854379115114773 0.007922124583107412 0.010354623685666224 0.004426076868361917 67.829375 101330.96875 1.1810000000000005 0.05 25.72 1.0682756519413317 0.10193454943032895 0.14038733411182003 0.013979552338867744 0.006280476970639154 0.0024671977747517957 -0.13589210453890957 0.013462830745637127 0.0011783412860391284 0.0009834636382142314 0.0009141963890500623 0.0004003277229929357 7.609487413518647 0.20816333075746155
12.5 12.349801092604213 0.5299627370901525 16.032911978613377 0.0 -2.4461727990901587 0.07835251956491575 0.29498231705379824 0.09045163940244719 -13.204382729404866 0.20329350276238853 0.20165795274905693 0.03138822153048773 -0.3219760719618968 0.014786342291397208 0.022545825039664836 0.015434709902864762 67.38382978723403 101330.68085106384 1.181 0.05 25.71776595744679 0.9901331520539413 0.09597367967212199 0.18342673290119899 0.01851099120276834 0.02211930518601503 0.007105183608364326 -0.15155955452174774 0.016087740924885675 0.017603445828764944 0.003216452395206934 0.0019681059156860265 0.0013604520318047974 5.39797627310555 0.13591848567285997
12.5 12.407717435238812 0.5314359008534203 16.92886200627247 0.0 -2.9708459615283442 0.1277538768733773 0.10420945159171072 0.14433279287599785 -11.985877990141848 0.35566933599411815 0.031090775543217666 0.05584051182179473 -0.3576267802371719 0.022767870040702534 0.009591546105169902 0.02551895710651399 66.89947368421055 101332.76842105263 1.181 0.05 25.716315789473672 0.8903924875848063 0.08908809400692776 0.22069463147315024 0.02312522086251858 0.00774138639730085 0.010747507171144203 -0.16677305774496348 0.01914878805264668 0.0026887475410291403 0.004835947942266711 0.0008294822356262845 0.002208316420095478 4.034499985982357 0.1138473863128689
12.5 12.405486536489486 0.5331743521111104 17.92222638334814 0.0 -3.2636484995405253 0.12563227114184117 0.101823144485993 0.1236913720552877 -11.89597410661091 0.3165830295369768 0.04434374074096254 0.04768813336982893 -0.3765877406347409 0.023025056133134346 0.018977116515674363 0.02521088507336163 66.38799999999999 101331.86 1.1810000000000005 0.05 25.71789999999999 0.8840316839752572 0.08791294783002766 0.242533200988456 0.0250444051817051 0.007566836064108836 0.009220491602470838 -0.17567834137686467 0.01996824229031859 0.003836250720103899 0.004141922907179934 0.0016417418937212363 0.002186701244384342 3.644992439683897 0.09801041929352658
12.5 12.442493606073752 0.5338603307107753 18.89885254847414 0.0 -3.619461528197619 0.17405069191844152 0.10097983094834839 0.14536002555681446 -11.663749150733814 0.38251744219253575 0.08309161969153879 0.07260957686328902 -0.3860239649771277 0.023391969846389332 0.021566200157416535 0.03880564578113847 66.19164948453607 101334.58762886598 1.1810000000000005 0.05 25.719999999999995 0.8616258940545598 0.087155214226581 0.26737730166574714 0.02863384820024082 0.007459594337801327 0.010761751424920835 -0.17901072963582618 0.02027506199372577 0.007145697582029674 0.00628158957694273 0.0018546460508352789 0.0033419160691664186 3.22250949757767 0.1201933265510341
