# target_velocity,velocity,velocity_std,alpha,beta,fx,fx_std,fy,fy_std,fz,fz_std,tx,tx_std,ty,ty_std,tz,tz_std,dp,p,rho,rho_std,temp,CL,CL_err,CD,CD_err,CY,CY_err,Cm,Cm_err,Cl,Cl_err,Cn,Cn_err,LD,LD_err
25.0 25.062366514047977 0.5110749021913312 -5.257554061491934 2.5 -1.8748033400086308 0.027187478832029852 0.36502145453086116 0.048313363391152366 13.648365721078543 0.09449086705266235 -0.06523951493576603 0.013612616123774289 -0.057383257647594624 0.003785504084603824 0.020064195319399347 0.008750015988090625 277.36375000000004 101581.98958333331 1.189 0.05 24.430000000000003 -0.24683114874731035 0.014560253484277924 0.033905880861247586 0.002046194388143579 0.006601425165514004 0.0009555040599424152 -0.006514614728326307 0.0005747507220728571 -0.0013735259615858984 0.0002976753159538377 0.00042242333034908674 0.00018587386644953655 -7.279891938434306 0.10341326285812986
25.0 25.110738586748713 0.5085883467961749 -2.5977842135243776 2.5 -1.285034789212127 0.024629134164372825 0.41031799104050165 0.04615666156731348 5.272532061715656 0.0896958141291757 -0.043110194063351155 0.012354015923058851 -0.09218707045745908 0.00373037570069155 0.014289949217549277 0.009107665946035187 279.26255319148936 101582.06382978724 1.1889999999999996 0.05 24.428829787234047 -0.0949869017762624 0.0057767785612623315 0.02315044685802331 0.0014226871267583928 0.007392052671428465 0.0009368751417841234 -0.010425544139243077 0.0007406313098975967 -0.0009041308894294457 0.00026441872308372635 0.00029969673708678523 0.00019181090200292176 -4.103026708676362 0.09715956880084038
25.0 25.12409193461584 0.5081248531910227 0.1071865019951536 2.5 -0.9764929879231017 0.024786096766974137 0.4478879268144981 0.043930553131909494 -5.709363143317382 0.0909259698055245 -0.047138116899705144 0.014352753237516997 -0.17171149700108743 0.003867186051664139 0.0047496517508785864 0.00895819398039936 279.676 101581.89 1.1889999999999998 0.05 24.42420000000001 0.10274729238842702 0.0062144290180828204 0.01757324031189344 0.0011181893795091467 0.008060316119061309 0.0009198990872249694 -0.019398418192308003 0.001213252157697365 -0.0009875561189090888 0.000306165321467812 9.950647072405126e-05 0.00018776633997033996 5.84680403641259 0.175200823213825
25.0 25.099434062360533 0.5075735022161226 2.839498015065295 2.5 -1.1433550916402109 0.024660796453527395 0.46212367390927256 0.03765180970396502 -17.9251497796317 0.1005795551560699 -0.005353076762550706 0.014294471455836035 -0.3167880511395215 0.003766442869347421 0.013940016485534473 0.007351597300471516 279.1189583333333 101581.4375 1.189 0.05 24.420000000000005 0.3232201307889422 0.018945405213031414 0.020616585456824287 0.0012824436353362975 0.008332855019786091 0.000835052598008589 -0.035858211526375076 0.00213515754311323 -0.00011236884469536676 0.00030013330317768273 0.00029262116293050976 0.00015526224754887672 15.677675212795883 0.3348097044748466
25.0 25.106650679430928 0.5089318489644493 5.551505404536538 2.5 -1.6491212619824618 0.02642263811008021 0.5658586307411659 0.03551049032768082 -29.41535429363529 0.09453977489398363 0.014588116803665225 0.01490873220113267 -0.490036111067313 0.004048521265368291 0.0015897030546467373 0.00681126107573689 279.2825 101580.96875 1.189 0.05 24.420000000000005 0.5301026682934199 0.031011384168388646 0.02971929464420796 0.0018000956153192645 0.010197503216803247 0.0008742657387457078 -0.05543680792832817 0.003270423644000182 0.00030604971172915 0.00031328650193916175 3.3350991643235555e-05 0.00014290934385026227 17.836986867948173 0.2746555195853969
25.0 25.11421043268909 0.5085995837458772 8.265826588580893 2.5 -2.472890867095787 0.03148707418563305 0.6370860177529284 0.03481892431397806 -40.75676868004712 0.11274781152797837 0.028683561723504784 0.016633424807171202 -0.6944258897253973 0.0038427469486373043 0.004618105141648692 0.00700746104343662 279.30958333333336 101580.875 1.189 0.05 24.420000000000005 0.7340474824811486 0.04290583287636718 0.04453786142106369 0.002661485549268193 0.011474201773125867 0.0009176396146723497 -0.07851172819648847 0.004604491827589523 0.0006014012454710179 0.0003505121552359023 9.682668458944359e-05 0.0001470324493941057 16.481426342891016 0.19404674542701206
25.0 25.24622492247509 0.5113877372213473 10.957422260636564 2.5 -3.664351112243535 0.03676756882813043 0.7660803966758656 0.03364629703607299 -51.43963331265713 0.12829673585023774 0.04448286849490204 0.0151154475758883 -0.9193038051010949 0.003307184662456185 0.00045530461415121634 0.007417135732908858 281.4689361702128 101580.15957446808 1.1889999999999996 0.05 24.413936170212757 0.9167869795068093 0.05358168523309999 0.06530819081907323 0.003869357136661127 0.013653529150547631 0.0009976029355052462 -0.102852263678286 0.006017119607843419 0.0009229330408060512 0.0003182128393488958 9.446685572441598e-06 0.00015389213517879924 14.037856017886536 0.12375823599431643
25.0 25.219793856197526 0.5110987699498647 13.079591871705869 2.5 -4.905079163418636 0.04419382051724298 0.8565936679225393 0.041461846976620316 -57.98087439108765 0.12010448635291732 0.1156328959192408 0.014844961261777347 -1.0915621544158338 0.004767621292921159 0.005000062320909489 0.009482810093759193 279.6442268041237 101580.09278350516 1.189 0.05 24.41 1.0355359070323304 0.06051891008941706 0.0876045015515817 0.005177097483953985 0.015298725833059619 0.0011604924810337657 -0.12238074596147704 0.0071676543435451505 0.0024041891922775608 0.00033908987159734594 0.00010395913461373922 0.00019725595912211386 11.820578722459883 0.09599003069254425
25.0 25.257900372375328 0.5135745077408719 14.117514968821315 2.5 -5.794480384381137 0.13680911797878903 1.0053373520749087 0.11652917172420582 -60.16765817423418 0.282313034634587 0.19733331438704058 0.033409757765222314 -1.2019042462051437 0.015675290989021755 0.005336492332240151 0.027000305233216438 279.32851063829787 101579.7659574468 1.1889999999999996 0.05 24.40999999999999 1.0713517501357939 0.06287437002350567 0.10317713684247565 0.006508822709189986 0.017901144307517287 0.0023242132172709377 -0.1343454829053678 0.008052033914164265 0.004090498347252121 0.0007327216319119989 0.00011061950250497347 0.0005597234620816809 10.383615817634736 0.23082167664691366
25.0 25.48431005504154 0.5196499400778353 15.031285688478018 2.5 -8.576727064222341 0.3110450161263085 0.054393502460622294 0.41288368469432 -56.53179682325093 0.8660413695832297 -0.515332158137053 0.13528799680282164 -1.5454067733816483 0.0560901571641539 -0.12902413515914432 0.09719550912569737 279.4189795918367 101579.33673469388 1.1889999999999998 0.05 24.41 0.9888046399083246 0.059871601028447435 0.15001659230548867 0.010335680799444432 0.000951403469132387 0.007222014569353265 -0.16968550364622598 0.011693362181138619 -0.010493292690872721 0.0028225076276383824 -0.0026272142986496013 0.0019850885134466275 6.591301833431575 0.1902972959253477
25.0 25.53848395879545 0.5175476396653738 16.04844887554525 2.5 -9.408719167394592 0.2905026997509543 0.07992596047205876 0.37907980824029935 -57.74025057152265 0.8538522738453688 -0.44286645543802644 0.12430123396978902 -1.627774027689513 0.05148476070536989 -0.10041426448587978 0.09653486900707679 279.466875 101579.72916666669 1.189 0.05 24.41 1.0056616886382161 0.060588996515829316 0.16387162009427486 0.010826012480572432 0.0013920700997789642 0.0066029319182265 -0.1779719587917444 0.011820766361429466 -0.00897951466144184 0.0025743063243588273 -0.002035989289992711 0.001960939798825194 6.136887449209705 0.13541732979759963
25.0 25.660632452476097 0.5206846984395199 17.020305356849146 2.5 -10.946250600460225 0.32920318031877677 0.2893692789095963 0.46055173435887925 -56.574939581203914 0.8188655712952814 -0.0587413251719944 0.1527567964574694 -1.731341013458888 0.05840277047502989 -0.022239735231440957 0.1149909645867604 279.66270833333334 101579.02083333331 1.189 0.05 24.40802083333333 0.976006822188456 0.05876184104769401 0.18884006492130867 0.012411531704019013 0.004992075863238776 0.007950597239737183 -0.18749754937916124 0.012651855624636407 -0.0011797210547462658 0.0030686387914196094 -0.00044664780421095867 0.0023095482862786924 5.16843087612349 0.12083990938549598
25.0 25.896241992086487 0.5272430357948102 18.954276815074987 2.5 -14.511163175378623 0.4893234293941684 0.6694237321989537 0.6046211715625311 -54.003881342627125 1.2638376637150244 0.45209053412009265 0.2307648010475258 -1.733991440571897 0.08320585439076836 0.0498120466219375 0.15903808800607228 279.2261224489796 101580.22448979592 1.1889999999999998 0.05 24.40785714285714 0.9147763995569481 0.057668367148975226 0.24580584344922315 0.016605170356314477 0.01133942628370984 0.010263216881549311 -0.18438311631662913 0.01395604653283664 0.00891501806045623 0.004580400672464389 0.0009822707217862188 0.003136685222519859 3.7215404919611528 0.07680074736715152
25.0 26.128492066932225 0.5296739066396556 20.946889478392695 2.5 -18.369781455685956 0.5870024120290177 -0.43202390197986973 0.6654956171054055 -54.57843164810405 1.3432706324280337 0.5553606490651197 0.30402624006932816 -1.8117593167916501 0.07116491288704739 0.2532124624614264 0.20910972616148268 278.8348936170213 101581.67021276597 1.1889999999999996 0.05 24.40999999999999 0.9081463166613375 0.057564722846541745 0.3056601090045148 0.020351751615394424 -0.007188570712736971 0.01108133300150635 -0.18924285945556604 0.013321213712121513 0.010757632753698112 0.005922582041163627 0.004904860804245047 0.0040606876109706945 2.9710985827330303 0.05980232424894862
