# target_velocity,velocity,velocity_std,alpha,beta,CL_alpha,CL_alpha_err,Cm_alpha,Cm_alpha_err,SM,SM_err,CY_beta,CY_beta_err,Cn_beta,Cn_beta_err,Cl_beta,Cl_beta_err
25.0 25.04939254829273 0.5108128734053097 -5.247959586166755 5.0 nan nan nan nan nan nan 0.3148906615753322 0.020488149717316845 -0.014476835872305817 0.003185590134113699 0.03094934011449404 0.004721973040925046
25.0 25.112459721822844 0.5099573722943818 -2.587414786336326 5.0 3.7335205773345215 0.16907596141601702 -0.1375998622536108 0.014338039133382255 0.03685525749849963 0.004187357058555636 0.31159928615952287 0.01947101727144843 -0.015701948350612015 0.0031158969148961523 0.04738582284019095 0.005101562834499051
25.0 25.13357182387971 0.5085328255240672 0.11314476939345311 5.0 4.406888758263253 0.20871307699802172 -0.2679986879071091 0.023814533186363666 0.0608135813286848 0.006123550945093993 0.31403271833464935 0.018936949145236498 -0.0136084740726362 0.0029389820095180024 0.06390147061112317 0.00571541322449062
25.0 25.133986694124836 0.5096466143369822 2.8387626961999817 5.0 4.497469716579808 0.3328508375550718 -0.3792664737838334 0.036709837270826225 0.08432885548638097 0.010274937781963783 0.36923572909950814 0.020564779482064866 -0.01715430102178476 0.002796524709448652 0.08927550878753825 0.006452136780324044
25.0 25.11513461520831 0.507527035942688 5.549085574921564 5.0 4.33786362945029 0.49523574212991456 -0.45037200631679974 0.05359095796222755 0.10382345891631281 0.017120826495667787 0.4382053501515564 0.022311035703543137 -0.021422043109981442 0.0028070204356754115 0.1092509504165058 0.0070510695170856825
25.0 25.16457841751736 0.5149391067272046 8.2564996632429 5.0 4.09835734181712 0.6561541054216978 -0.5025429673592501 0.07258488114385515 0.12262058318624645 0.02644004713089738 0.5101124604309827 0.024822528924139983 -0.02303063046698032 0.0026913659637512297 0.12422183098656367 0.007285610371731651
25.0 25.21897811238879 0.5105130716286812 10.947754804019631 5.0 3.588462104578812 0.8829887981281348 -0.5221504210289558 0.10139956050212354 0.14550813295832257 0.04561146355837611 0.5844120052105273 0.027447195465873087 -0.026353922508369997 0.002950285506336213 0.13233178429792816 0.007987817387274113
25.0 25.248674000283916 0.512275260022417 13.07068349834147 5.0 2.8024206364298507 1.4977804361170504 -0.5710049392913411 0.18225169679877534 0.20375418731528253 0.12683939777917053 0.6394573693693703 0.03051283296995492 -0.030379801056261247 0.003631412441912911 0.14251020045474397 0.008477333658018862
25.0 25.45281995572512 0.519828481492741 14.010334362352449 5.0 -1.37188751355079 2.4991624336294995 -1.3887234477730503 0.40263995969770966 -1.0122720952381035 1.867262021527694 0.47545474240232755 0.07368641900946162 -0.058237003287455846 0.02443116791911173 0.02683407105562159 0.030566808002855442
25.0 25.53808295761513 0.5179815292634793 15.023414852434156 5.0 -1.9491932202649613 2.590912411088442 -1.294509840349499 0.42439641197404326 -0.6641259711407838 0.9092257990119633 0.46620305580860444 0.11388632702049685 -0.07243920207284615 0.03307566298121232 -0.053334860911703016 0.04263522007124155
25.0 25.599125387542163 0.5187504090691222 16.027050800304536 5.0 -0.3686544451954547 2.4165439015578465 -0.5130944963590846 0.4962706071664629 -1.3918033623249817 9.222104237179726 0.4222091425266984 0.11316210834146904 -0.08514395490211275 0.034720503466825176 -0.07907088264562552 0.0434228460620766
25.0 25.66312958912916 0.5232762545746731 17.041640712811013 5.0 -1.792034350466672 1.6492949971386113 -0.12641225688981447 0.36062176592473516 -0.0705412018786888 0.21144937545225873 0.25715352155187604 0.15997265220325735 -0.0787548932552787 0.044305751986732436 -0.19235086563513717 0.06910167013071435
25.0 25.872941228370813 0.5262295800220282 19.00701367328497 5.0 -0.9902043205939665 1.2003133162812494 -0.025467148601502624 0.2680773830732607 -0.02571908450795928 0.2725185350748202 0.44216636652067315 0.20829635771623775 -0.03272840010993805 0.056962656854310005 0.1373303288135247 0.09259922054581836
25.0 26.14293294572574 0.5312015771684705 20.958753450998426 5.0 nan nan nan nan nan nan 0.5224765882591933 0.2336933362094295 -0.017392447303782657 0.08615597914178438 0.17997447711430253 0.1317190507301236
