# target_velocity,velocity,velocity_std,alpha,beta,CL_alpha,CL_alpha_err,Cm_alpha,Cm_alpha_err,SM,SM_err,CY_beta,CY_beta_err,Cn_beta,Cn_beta_err,Cl_beta,Cl_beta_err
17.5 17.49948971970191 0.5110861953855689 -5.245258786141526 2.5 nan nan nan nan nan nan 0.3623363039588164 0.02777502080081607 -0.017304689837161824 0.003802433572237277 0.06685473282845682 0.007250887013610923
17.5 17.506331886263464 0.5112589697693262 -2.5933473151415627 2.5 3.662152994122248 0.2076232961501025 -0.1270487723858184 0.021388079287134265 0.034692371561136734 0.006162602343139863 0.3513649834216041 0.027021724674231185 -0.016479829547233576 0.0038482732383874093 0.07453663850861955 0.007142270627929552
17.5 17.601661079059813 0.5122461879368548 0.10938288476862253 2.5 4.202287544912486 0.24368587647463993 -0.16704831382813604 0.029150767043958605 0.039751757118661156 0.007309861263892083 0.3055794777687855 0.025148433704964314 -0.005347490586131272 0.00348887802638976 0.09492790633970916 0.008414941700199319
17.5 17.526981410043952 0.5096950013652005 2.820513834189263 2.5 4.270923582260205 0.3907249395005732 -0.25583525251931827 0.04086449480578434 0.05990162258626232 0.011026303864329104 0.2821210246462739 0.02325653500366507 -0.0034746017836958664 0.0030809442692793787 0.09954403803352915 0.008121792760364033
17.5 17.614508136937747 0.5142684706361328 5.526436115769897 2.5 4.305264769080423 0.5877755710958962 -0.4191791562747863 0.0610685500089649 0.09736431526470794 0.01943959749671165 0.2912255882777739 0.02356249282566329 -0.013557305634336296 0.00305451820771168 0.11772676081021262 0.008889674746519166
17.5 17.61079003634309 0.515034439195837 8.241098799310166 2.5 4.193726785136862 0.7839296965447778 -0.5632584829642844 0.0848517209899714 0.13430977071767028 0.03224447998839574 0.31869928271598397 0.02476175227676731 -0.027382622209523304 0.0031953700615677816 0.13036617358355151 0.009820948818690476
17.5 17.622195677714153 0.514843140587638 10.935387062331536 2.5 3.5496341716061526 1.0670027915823204 -0.5600913770254305 0.12172768275906655 0.15778847902289553 0.05852912937703295 0.29102782302487695 0.02454270029936691 -0.026981451369137415 0.003185829651664799 0.13289111899613787 0.00986745059873023
17.5 17.683580317239404 0.5157437025537533 13.055189019019547 2.5 2.6831703262404143 1.8216752922803545 -0.5556446609593675 0.2215309348958306 0.20708512446092894 0.16304534241916488 0.22070605738452165 0.03197469022436712 -0.021045710876870367 0.006545076177042348 0.13165252733548694 0.011566382151564119
17.5 17.820858073627452 0.5203788161947374 13.968431693467355 2.5 -1.847945028227046 3.0055000966732446 -1.2322121639940904 0.4814835490279419 -0.6668013091148596 1.1153464228659633 -0.02912790158275248 0.15065417287049304 -0.06244527039096046 0.04187809657229346 -0.0825246375264587 0.05193382785854318
17.5 17.871836328471844 0.5198542835199319 14.989552382023081 2.5 -2.9544980419194298 3.1214762555035604 -1.1435930623236799 0.5055224908170168 -0.3870684786715002 0.4432962258392396 -0.07081720667765092 0.1355991239442997 -0.07540577700301587 0.03836045349943818 -0.11603484832864597 0.04606284431482814
17.5 17.93231600855683 0.5218380010061304 15.99038682398482 2.5 -2.973350369025594 2.942677268834788 -0.3068982865562374 0.6276312833460035 -0.10321632114173346 0.2345038265346062 -0.09775948067907392 0.1217122004902519 -0.08338509869831652 0.03582049594847616 -0.13082018054085726 0.04406699266890656
17.5 17.996151810281546 0.5254721875675403 16.979393962664446 2.5 -2.5217009872169953 2.0006500343615845 0.08762022935613556 0.42263691355237665 0.03474647858739 0.16985191355439339 -0.07394491528138916 0.1446918251838766 -0.06821191564795089 0.047173266340754146 -0.046633128688580654 0.0587418895126338
17.5 18.159833990607375 0.5299046270539307 18.915596618802923 2.5 -0.877676213780195 1.3188954777175945 0.15494423536032123 0.3053294856794067 0.17653917575476807 0.4374938060577724 0.008298265905326663 0.23225021573355933 0.04074456444679748 0.06168083498208658 0.43094072247776666 0.09018091506484192
17.5 18.280754585654456 0.5318550888652416 20.838205573274784 2.5 nan nan nan nan nan nan 0.05732964941967971 0.2294441674148868 -0.0011220667999567247 0.05990101056433357 0.0752926158576 0.09921455173754246
