# target_velocity,velocity,velocity_std,alpha,beta,fx,fx_std,fy,fy_std,fz,fz_std,tx,tx_std,ty,ty_std,tz,tz_std,dp,p,rho,rho_std,temp,CL,CL_err,CD,CD_err,CY,CY_err,Cm,Cm_err,Cl,Cl_err,Cn,Cn_err,LD,LD_err
22.5 22.533473823576205 0.5094729377059588 -5.261461291591724 0.0 -1.4008321881425225 0.025959515732312765 -0.2784777984276782 0.039040712644983 11.219233251231891 0.08916821091895906 -0.08984491933012989 0.011113933507917569 -0.055809652842344994 0.0031369178380195274 0.04055867566676236 0.006724685566725217 224.0614893617021 101592.31914893616 1.1910000000000005 0.05 23.84000000000001 -0.25057655797346606 0.015588990028551462 0.03128696053847085 0.0020156773242446012 -0.006219677106220636 0.0009526746247158781 -0.00782475606330559 0.0006530977626999277 -0.002336025726404506 0.00032292324152434824 0.0010545516707329246 0.00018656128655152518 -8.008977339468753 0.14437023054096845
22.5 22.59341864777894 0.5095219938075882 -2.6073733035631728 0.0 -1.018044251490124 0.023511882673546 -0.28659251175757683 0.039240808797611396 4.689320417230474 0.08637919956517831 -0.10608616775910416 0.010228729214138373 -0.08077033036965214 0.003124519500093435 0.04938295749079613 0.007751401437612454 225.77217391304347 101590.67391304349 1.1910000000000005 0.05 23.849999999999994 -0.10417885243810567 0.006699998502916396 0.022617068661324263 0.0014882937181344385 -0.006366994859756719 0.0009559911816066959 -0.011264339827125085 0.0008195326463929439 -0.002743691374748737 0.00031395092573060536 0.001277184362383127 0.00021536686797378338 -4.606204897642374 0.1258223810939006
22.5 22.5973646771575 0.5074279538589513 0.09005825367320223 0.0 -0.7664557615234742 0.022883257320638607 -0.2780298048228385 0.03923346997824374 -3.8871906195628103 0.08028316690467717 -0.1400420360469272 0.012788204736582983 -0.12411111701840877 0.0031610223594357415 0.0393244702681353 0.006783708102546766 225.97799999999995 101590.31 1.1910000000000005 0.05 23.85450000000001 0.08632842335474314 0.005598680710927786 0.017021783580791382 0.0011633198981776827 -0.006174607073599617 0.0009504105615024469 -0.017302660235889215 0.0011513843962808366 -0.003620622314565775 0.0003985673077590079 0.0010166879786979012 0.00018618918361070107 5.071643811296156 0.18411774255637328
22.5 22.606797676538584 0.5091260957008633 2.819783891975491 0.0 -0.8846983756962801 0.02372997067330871 -0.2881819930723124 0.03287141851522743 -13.714455629843949 0.09076482589588204 -0.1311953298482821 0.009461535111765295 -0.24688428858737504 0.0028121636760277094 0.033303890350430666 0.00549062738619368 226.17000000000004 101590.3829787234 1.1910000000000005 0.05 23.86000000000001 0.3043224829360329 0.01884593767590896 0.01963137390269356 0.001318473422482128 -0.0063947313722300956 0.0008289011058919744 -0.03439007650137416 0.0021534240597172105 -0.0033890710744293212 0.0003213763917320337 0.0008603145522263289 0.00015140436943592386 15.501843347514145 0.41243679521555093
22.5 22.615592576171927 0.5071915366209012 5.531556924814958 0.0 -1.2461018759064821 0.024431968879335922 -0.42051147662502253 0.035761796262715764 -23.045524653964083 0.07916627975432075 -0.15927313652594222 0.014926421318383338 -0.3718730921413068 0.003239546215085649 0.05090733114825374 0.006629546815795883 226.34741935483868 101590.1505376344 1.1910000000000005 0.05 23.869999999999997 0.5109803698649249 0.03144113496062458 0.027629381712971583 0.0017817603514302257 -0.009323854114180003 0.0009781905989706006 -0.051760277471526714 0.0032117044532235834 -0.00411118467118638 0.00046068991264889794 0.0013140284923918789 0.0001892088267838772 18.494093540465556 0.35159106504498766
22.5 22.575165101552845 0.508865070753968 8.246230516367577 0.0 -1.883707651664251 0.027352969028534495 -0.4776149099934739 0.028779497065302515 -32.14356692199662 0.08495880540827558 -0.17266086404935185 0.011606323719381419 -0.5443228205431105 0.002777196878242563 0.04735815848021289 0.005650686881025845 225.4236842105263 101589.7052631579 1.1910000000000005 0.05 23.872210526315783 0.7152629963388789 0.04410225819088973 0.04191651730579482 0.0026529134643191762 -0.010627951541503537 0.0009158366274334268 -0.0760348084411652 0.004699943450092642 -0.00447272745895993 0.00040781359414833424 0.0012267987711429467 0.00016473691090459087 17.06398914587296 0.23472060272239295
22.5 22.5878474168053 0.5125110114878917 10.942200683949515 0.0 -2.773904677197312 0.05656689573340591 -0.5199742429208006 0.030324714848644244 -40.58980261950589 0.2518149559886747 -0.16872494502989346 0.012029646778775011 -0.7266872027319348 0.004632629843037142 0.0411363159064245 0.00626998597225927 225.0848936170213 101588.56382978724 1.1910000000000005 0.05 23.88000000000001 0.9021958158680549 0.05605405268967504 0.0616560079595358 0.0040136070254275825 -0.011557547858014605 0.0009822498908067623 -0.10139478193763944 0.006301484191140341 -0.0043658619664303875 0.00041199146397135825 0.001064427533362685 0.0001750765137340392 14.632731597870505 0.235800918107042
22.5 22.67644784851557 0.5108605511620478 13.059548055958409 0.0 -3.7778155333855827 0.04323527595790968 -0.5500320715553035 0.03912311252304363 -46.083760638744074 0.10594670085639811 -0.1477585869479979 0.012910684810702087 -0.8780223923876178 0.00509683884518158 0.04380719574455184 0.008133867714426458 225.886 101586.68 1.1910000000000005 0.05 23.88999999999999 1.0163222209911802 0.06263234618205003 0.08331520301660114 0.005218693536118184 -0.012130299455411383 0.0011412697182736737 -0.12155513922459588 0.007518981544017937 -0.003793526081426251 0.00040552164911733117 0.001124697677770762 0.00022001414824520781 12.198520608401695 0.12929202005972068
22.5 22.72957178188646 0.5132197316548981 14.103575157728862 0.0 -4.510653458650274 0.13061081894655954 -0.5061201410423306 0.10183441772422654 -48.198132312159245 0.25313124734299125 -0.10516022095424989 0.03145844442151634 -0.9690035729795438 0.015918290466900662 0.04914440104033211 0.021198753473506287 226.0304166666667 101583.94791666669 1.1910000000000005 0.05 23.8984375 1.05798926680538 0.06547017948570022 0.09901261141454305 0.006744653998652817 -0.011109759885897583 0.002337954519742644 -0.13352440608245017 0.008520097321332689 -0.00268725808622582 0.0008207853370447378 0.0012558331267277535 0.000547217860251782 10.685399078869075 0.2946846755015332
22.5 22.84191393686949 0.5154422752839658 15.096493050152993 0.0 -5.976376816058337 0.7443124542943461 -0.3800329038638883 0.32183736062980806 -48.36851915628405 0.8656959289461382 0.09462065872277789 0.10381731035117227 -1.1128042556978324 0.08717348944579106 0.08224179750979506 0.07383612179466018 225.92869565217396 101580.3695652174 1.1910000000000005 0.05 23.90000000000001 1.0513113896499993 0.06747761441012921 0.1298992221626871 0.018050895854305124 -0.008260185079947018 0.0070137831919383515 -0.15183489037985806 0.015134770120813977 0.0023942052650440344 0.00263105192944501 0.0020809804884315006 0.0018726879803893277 8.093284718312836 1.0066852064524172
22.5 22.95883599912693 0.5165872766515456 16.084568706020928 0.0 -7.474761907950867 0.5788207606198228 -0.1060921314925791 0.5169441575180991 -48.35248000072799 1.1845312241263126 0.3412957461362972 0.24188798525661512 -1.2557154653823357 0.08657207575115239 0.12870588637297722 0.14422103845090806 225.8904081632653 101576.8775510204 1.1910000000000005 0.05 23.91 1.0402855891650997 0.06890820925420091 0.1608167170570039 0.015907036622039815 -0.0022825326749295427 0.011122748005965145 -0.16959353614781297 0.015673060722148916 0.008548138297787793 0.006081156602817501 0.003223584615133776 0.003617623067327278 6.468765239103561 0.4523737130404248
22.5 23.05800528925428 0.5201630454035723 17.06110053132183 0.0 -8.538699469365234 0.6505603054607807 0.1247940331468227 0.47322889745058155 -47.59091517266996 1.3584565437849976 0.6298357523777615 0.22956139294351777 -1.2986499916515744 0.09018286167287579 0.12761245642611535 0.1259674095866069 226.13041666666672 101573.54166666669 1.1910000000000005 0.05 23.914687500000003 1.0151124338238777 0.06894436180643652 0.18213013909460646 0.017847751849692842 0.002661852041608088 0.01009528755325679 -0.1738867267036327 0.016144770922045415 0.015639549419004636 0.0057811867144786 0.0031687647314752143 0.0031340065584521946 5.5735554745092655 0.3710663069272463
22.5 23.290639624678334 0.5252179635064352 18.92107651191747 0.0 -11.516184309733232 0.4028164594974424 -0.6510670773789972 0.6299055360840349 -42.23436113092368 0.9994553799793651 0.032175078954250584 0.19805852526314416 -1.3674715536676207 0.05765170280152253 0.07603502296262889 0.15381564624883123 225.6783333333333 101569.40625 1.1910000000000005 0.05 23.922187500000007 0.8829511119282504 0.05827862878461509 0.24075722869179447 0.01705820332885519 -0.013611201507929365 0.013195477464136367 -0.17946231006826235 0.013398490317366313 0.0007830638696012191 0.004820508596785048 0.0018505091903890413 0.003745238145667901 3.6673919064692377 0.08472559231917909
22.5 23.443531721807876 0.5309886739931096 20.833078367957757 0.0 -13.291653609055686 0.2848306814814694 -0.6509172902994244 0.5849926831358737 -38.72449902271304 0.7311239831446985 -1.2574600836083545 0.18981158201628298 -1.3030735647349754 0.05583847225234263 0.02252975402489671 0.12920549964225536 225.82161290322583 101566.12903225806 1.1910000000000005 0.05 23.929999999999996 0.7990487789747472 0.051604830870197405 0.2742625432195237 0.017929506646299175 -0.013431152865844535 0.01209932147940069 -0.1687876407359188 0.012687982670178427 -0.030205673812944412 0.004926387074170307 0.0005411912553192874 0.003103848418693053 2.9134447948846485 0.025487488789654105
